03 ธ.ค. 2555 4.8327 4.8650 5.0102
04 ธ.ค. 2555 4.8232 4.8563 5.0061
06 ธ.ค. 2555 4.8256 4.8549 5.0100
07 ธ.ค. 2555 4.8243 4.8569 5.0075
11 ธ.ค. 2555 4.8289 4.8612 4.9877
12 ธ.ค. 2555 4.8169 4.8441 4.9851
13 ธ.ค. 2555 4.8208 4.8525 4.9772
14 ธ.ค. 2555 4.8241 4.8534 4.9933
17 ธ.ค. 2555 4.8227 4.8515 4.9810
18 ธ.ค. 2555 4.8119 4.8442 4.9851
19 ธ.ค. 2555 4.8250 4.8558 4.9883
20 ธ.ค. 2555 4.8252 4.8571 4.9913
21 ธ.ค. 2555 4.8272 4.8598 4.9945
24 ธ.ค. 2555 4.8263 4.8587 4.9886
25 ธ.ค. 2555 4.8246 4.8551 4.9824
26 ธ.ค. 2555 4.8211 4.8532 4.9900
27 ธ.ค. 2555 4.8231 4.8537 4.9902
28 ธ.ค. 2555 4.8154 4.8446 4.9882
02 ม.ค. 2556 4.8082 4.8395 4.9687
03 ม.ค. 2556 4.7798 4.8138 4.9560
04 ม.ค. 2556 4.7981 4.8314 4.9639
07 ม.ค. 2556 4.7901 4.8204 4.9659
08 ม.ค. 2556 4.7941 4.8233 4.9630
09 ม.ค. 2556 4.7963 4.8290 4.9626
10 ม.ค. 2556 4.7983 4.8296 4.9562
11 ม.ค. 2556 4.7838 4.8162 4.9489
14 ม.ค. 2556 4.7885 4.8205 4.9531
15 ม.ค. 2556 4.7627 4.7947 4.9212
16 ม.ค. 2556 4.7378 4.7700 4.9013
17 ม.ค. 2556 4.7149 4.7466 4.8848
18 ม.ค. 2556 4.7068 4.7378 4.8738
21 ม.ค. 2556 4.6947 4.7284 4.8624
22 ม.ค. 2556 4.7033 4.7365 4.8723
23 ม.ค. 2556 4.7038 4.7368 4.8660
24 ม.ค. 2556 4.7104 4.7415 4.8754
25 ม.ค. 2556 4.7118 4.7448 4.8801
28 ม.ค. 2556 4.7240 4.7569 4.8817
29 ม.ค. 2556 4.7078 4.7376 4.8685
30 ม.ค. 2556 4.6943 4.7252 4.8607
31 ม.ค. 2556 4.6977 4.7305 4.8585
01 ก.พ. 2556 4.7113 4.7490 4.8691
04 ก.พ. 2556 4.6913 4.7247 4.8594
05 ก.พ. 2556 4.6844 4.7151 4.8550
06 ก.พ. 2556 4.6903 4.7209 4.8469
07 ก.พ. 2556 4.6892 4.7184 4.8563
08 ก.พ. 2556 4.6916 4.7241 4.8571
11 ก.พ. 2556 4.6911 4.7235 4.8551
12 ก.พ. 2556 4.7049 4.7345 4.8639
13 ก.พ. 2556 4.6910 4.7216 4.8562
14 ก.พ. 2556 4.6931 4.7229 4.8580
15 ก.พ. 2556 4.6996 4.7331 4.8639
18 ก.พ. 2556 4.7018 4.7298 4.8700
19 ก.พ. 2556 4.6935 4.7235 4.8624
20 ก.พ. 2556 4.6911 4.7218 4.8548
21 ก.พ. 2556 4.6988 4.7304 4.8562
22 ก.พ. 2556 4.6892 4.7202 4.8566
26 ก.พ. 2556 4.6997 4.7321 4.8619
27 ก.พ. 2556 4.6948 4.7251 4.8636
28 ก.พ. 2556 4.6966 4.7289 4.8633
01 มี.ค. 2556 4.6918 4.7218 4.8568
04 มี.ค. 2556 4.6996 4.7319 4.8655
05 มี.ค. 2556 4.6979 4.7286 4.8651
06 มี.ค. 2556 4.6958 4.7270 4.8599
07 มี.ค. 2556 4.6976 4.7306 4.8600
08 มี.ค. 2556 4.6905 4.7235 4.8575
11 มี.ค. 2556 4.6960 4.7270 4.8615
12 มี.ค. 2556 4.6799 4.7127 4.8389
13 มี.ค. 2556 4.6753 4.7078 4.8372
14 มี.ค. 2556 4.6797 4.7104 4.8416
15 มี.ค. 2556 4.6691 4.6998 4.8363
18 มี.ค. 2556 4.6702 4.7007 4.8313
19 มี.ค. 2556 4.6392 4.6696 4.8023
20 มี.ค. 2556 4.6150 4.6464 4.7762
21 มี.ค. 2556 4.6068 4.6400 4.7694
22 มี.ค. 2556 4.6167 4.6496 4.7773
25 มี.ค. 2556 4.6265 4.6581 4.7819
26 มี.ค. 2556 4.6336 4.6668 4.7970
27 มี.ค. 2556 4.6350 4.6662 4.7943
28 มี.ค. 2556 4.6160 4.6485 4.7841
29 มี.ค. 2556 4.6285 4.6620 4.7947
01 เม.ย. 2556 4.6299 4.6602 4.7905
02 เม.ย. 2556 4.6384 4.6713 4.7999
03 เม.ย. 2556 4.6517 4.6856 4.8167
04 เม.ย. 2556 4.6462 4.6791 4.8101
05 เม.ย. 2556 4.6330 4.6636 4.7916
09 เม.ย. 2556 4.5973 4.6293 4.7581
10 เม.ย. 2556 4.5859 4.6203 4.7455
11 เม.ย. 2556 4.5942 4.6263 4.7554
12 เม.ย. 2556 4.6037 4.6342 4.7598
17 เม.ย. 2556 4.5940 4.6265 4.7597
18 เม.ย. 2556 4.5803 4.6115 4.7376
19 เม.ย. 2556 4.5633 4.5933 4.7208
22 เม.ย. 2556 4.5472 4.5792 4.7057
23 เม.ย. 2556 4.5695 4.6008 4.7303
24 เม.ย. 2556 4.5779 4.6103 4.7449
25 เม.ย. 2556 4.6055 4.6374 4.7679
26 เม.ย. 2556 4.6553 4.6849 4.8215
29 เม.ย. 2556 4.6499 4.6838 4.8211
30 เม.ย. 2556 4.6587 4.6926 4.8315
02 พ.ค. 2556 4.6844 4.7181 4.8463
03 พ.ค. 2556 4.7150 4.7493 4.8784
07 พ.ค. 2556 4.7195 4.7523 4.8824
08 พ.ค. 2556 4.7198 4.7524 4.8881
09 พ.ค. 2556 4.7092 4.7438 4.8786
10 พ.ค. 2556 4.7429 4.7781 4.9077
13 พ.ค. 2556 4.7469 4.7813 4.9199
14 พ.ค. 2556 4.7305 4.7655 4.8917
15 พ.ค. 2556 4.7505 4.7857 4.9107
16 พ.ค. 2556 4.7378 4.7731 4.9039
17 พ.ค. 2556 4.7604 4.7946 4.9227
20 พ.ค. 2556 4.7707 4.8054 4.9403
21 พ.ค. 2556 4.7566 4.7926 4.9235
22 พ.ค. 2556 4.7618 4.7965 4.9321
23 พ.ค. 2556 4.7899 4.8255 4.9591
27 พ.ค. 2556 4.7857 4.8195 4.9488
28 พ.ค. 2556 4.8008 4.8367 4.9596
29 พ.ค. 2556 4.8215 4.8578 4.9857
30 พ.ค. 2556 4.8347 4.8687 4.9928
31 พ.ค. 2556 4.8239 4.8572 4.9821
03 มิ.ย. 2556 4.8562 4.8926 5.0347
04 มิ.ย. 2556 4.8607 4.8945 5.0355
05 มิ.ย. 2556 4.8770 4.9126 5.0553
06 มิ.ย. 2556 4.8889 4.9207 5.0549
07 มิ.ย. 2556 4.9004 4.9359 5.0604
10 มิ.ย. 2556 4.9051 4.9390 5.0716
11 มิ.ย. 2556 4.9298 4.9656 5.0994
12 มิ.ย. 2556 4.9714 5.0079 5.1332
13 มิ.ย. 2556 4.9484 4.9837 5.1228
14 มิ.ย. 2556 4.8842 4.9198 5.0611
17 มิ.ย. 2556 4.9016 4.9370 5.0764
18 มิ.ย. 2556 4.9176 4.9511 5.0938
19 มิ.ย. 2556 4.9407 4.9769 5.1133
20 มิ.ย. 2556 4.9461 4.9830 5.1263
21 มิ.ย. 2556 4.9834 5.0188 5.1559
24 มิ.ย. 2556 4.9584 4.9922 5.1400
25 มิ.ย. 2556 4.9450 4.9803 5.1131
26 มิ.ย. 2556 4.9561 4.9908 5.1266
27 มิ.ย. 2556 4.9593 4.9942 5.1314
28 มิ.ย. 2556 4.9688 5.0030 5.1369
02 ก.ค. 2556 4.9422 4.9769 5.1186
03 ก.ค. 2556 4.9570 4.9912 5.1329
04 ก.ค. 2556 4.9750 5.0076 5.1431
05 ก.ค. 2556 4.9862 5.0213 5.1540
08 ก.ค. 2556 5.0219 5.0577 5.1934
09 ก.ค. 2556 5.0136 5.0488 5.1902
10 ก.ค. 2556 4.9994 5.0332 5.1665
11 ก.ค. 2556 4.9655 4.9999 5.1422
12 ก.ค. 2556 4.9771 5.0121 5.1440
15 ก.ค. 2556 4.9813 5.0143 5.1482
16 ก.ค. 2556 4.9689 5.0047 5.1395
17 ก.ค. 2556 4.9610 4.9955 5.1389
18 ก.ค. 2556 4.9575 4.9894 5.1263
19 ก.ค. 2556 4.9735 5.0033 5.1457
23 ก.ค. 2556 4.9400 4.9720 5.1129
24 ก.ค. 2556 4.9454 4.9757 5.1103
25 ก.ค. 2556 4.9617 4.9930 5.1401
26 ก.ค. 2556 4.9791 5.0098 5.1430
29 ก.ค. 2556 4.9892 5.0204 5.1529
30 ก.ค. 2556 4.9929 5.0235 5.1623
31 ก.ค. 2556 5.0103 5.0412 5.1854
01 ส.ค. 2556 5.0069 5.0385 5.1740
02 ส.ค. 2556 5.0221 5.0524 5.1892
05 ส.ค. 2556 4.9983 5.0299 5.1830
06 ส.ค. 2556 5.0211 5.0512 5.1961
07 ส.ค. 2556 5.0312 5.0627 5.2086
08 ส.ค. 2556 5.0200 5.0526 5.1972
09 ส.ค. 2556 4.9958 5.0285 5.1764
13 ส.ค. 2556 5.0058 5.0371 5.1791
14 ส.ค. 2556 5.0173 5.0487 5.1917
15 ส.ค. 2556 5.0207 5.0520 5.1903
16 ส.ค. 2556 5.0297 5.0597 5.1985
19 ส.ค. 2556 5.0300 5.0616 5.2035
20 ส.ค. 2556 5.0702 5.1042 5.2485
21 ส.ค. 2556 5.0961 5.1297 5.2708
22 ส.ค. 2556 5.1467 5.1808 5.3285
23 ส.ค. 2556 5.1302 5.1620 5.3121
26 ส.ค. 2556 5.1283 5.1610 5.2983
27 ส.ค. 2556 5.1514 5.1846 5.3305
28 ส.ค. 2556 5.1655 5.1977 5.3511
29 ส.ค. 2556 5.1590 5.1923 5.3322
30 ส.ค. 2556 5.1505 5.1822 5.3214
02 ก.ย. 2556 5.1547 5.1870 5.3377
03 ก.ย. 2556 5.1441 5.1770 5.3096
04 ก.ย. 2556 5.1691 5.2012 5.3456
05 ก.ย. 2556 5.1645 5.1966 5.3444
06 ก.ย. 2556 5.1940 5.2256 5.3743
09 ก.ย. 2556 5.1888 5.2192 5.3597
10 ก.ย. 2556 5.1556 5.1879 5.3292
11 ก.ย. 2556 5.1581 5.1907 5.3362
12 ก.ย. 2556 5.1059 5.1379 5.2794
13 ก.ย. 2556 5.1098 5.1435 5.2839
16 ก.ย. 2556 5.0890 5.1176 5.2545
17 ก.ย. 2556 5.1063 5.1355 5.2753
18 ก.ย. 2556 5.0953 5.1248 5.2598
19 ก.ย. 2556 4.9814 5.0144 5.1716
20 ก.ย. 2556 4.9833 5.0161 5.1492
23 ก.ย. 2556 4.9942 5.0275 5.1702
24 ก.ย. 2556 5.0293 5.0615 5.1930
25 ก.ย. 2556 5.0420 5.0724 5.2014
26 ก.ย. 2556 5.0234 5.0538 5.1790
27 ก.ย. 2556 5.0202 5.0516 5.1750
30 ก.ย. 2556 5.0420 5.0721 5.2053
01 ต.ค. 2556 5.0118 5.0443 5.1722
02 ต.ค. 2556 5.0269 5.0576 5.1837
03 ต.ค. 2556 5.0106 5.0437 5.1712
04 ต.ค. 2556 5.0313 5.0603 5.1903
07 ต.ค. 2556 5.0329 5.0639 5.1968
08 ต.ค. 2556 5.0428 5.0745 5.1963
09 ต.ค. 2556 5.0465 5.0763 5.2077
10 ต.ค. 2556 5.0559 5.0878 5.2139
11 ต.ค. 2556 5.0346 5.0646 5.1965
14 ต.ค. 2556 5.0367 5.0666 5.1986
15 ต.ค. 2556 5.0452 5.0705 5.1850
16 ต.ค. 2556 5.0394 5.0684 5.1998
17 ต.ค. 2556 5.0185 5.0492 5.1739
18 ต.ค. 2556 5.0034 5.0333 5.1643
21 ต.ค. 2556 5.0157 5.0466 5.1794
22 ต.ค. 2556 5.0239 5.0534 5.1855
24 ต.ค. 2556 5.0376 5.0671 5.1936
25 ต.ค. 2556 5.0271 5.0581 5.1972
28 ต.ค. 2556 5.0256 5.0544 5.1775
29 ต.ค. 2556 5.0253 5.0532 5.1801
30 ต.ค. 2556 5.0209 5.0485 5.1784
31 ต.ค. 2556 5.0209 5.0490 5.1752
01 พ.ย. 2556 5.0288 5.0592 5.1923
04 พ.ย. 2556 5.0431 5.0747 5.2019
05 พ.ย. 2556 5.0506 5.0792 5.2095
06 พ.ย. 2556 5.0538 5.0821 5.2010
07 พ.ย. 2556 5.0466 5.0742 5.2068
08 พ.ย. 2556 5.0621 5.0917 5.2201
11 พ.ย. 2556 5.1069 5.1366 5.2691
12 พ.ย. 2556 5.0981 5.1296 5.2674
13 พ.ย. 2556 5.0938 5.1231 5.2619
14 พ.ย. 2556 5.0838 5.1118 5.2430
15 พ.ย. 2556 5.0928 5.1184 5.2499
18 พ.ย. 2556 5.0963 5.1255 5.2569
19 พ.ย. 2556 5.0990 5.1261 5.2567
20 พ.ย. 2556 5.1062 5.1369 5.2761
21 พ.ย. 2556 5.1290 5.1597 5.2938
22 พ.ย. 2556 5.1336 5.1595 5.2880
25 พ.ย. 2556 5.1487 5.1783 5.3079
26 พ.ย. 2556 5.1674 5.1967 5.3328
27 พ.ย. 2556 5.1772 5.2062 5.3369
28 พ.ย. 2556 5.1969 5.2240 5.3535
29 พ.ย. 2556 5.1814 5.2098 5.3425
02 ธ.ค. 2556 5.1985 5.2247 5.3565
03 ธ.ค. 2556 5.1963 5.2241 5.3575
04 ธ.ค. 2556 5.1983 5.2249 5.3485
06 ธ.ค. 2556 5.2196 5.2471 5.3755
09 ธ.ค. 2556 5.2087 5.2369 5.3631
11 ธ.ค. 2556 5.1899 5.2165 5.3387
12 ธ.ค. 2556 5.2006 5.2252 5.3560
13 ธ.ค. 2556 5.1993 5.2259 5.3525
16 ธ.ค. 2556 5.1891 5.2130 5.3387
17 ธ.ค. 2556 5.1938 5.2195 5.3440
18 ธ.ค. 2556 5.2189 5.2448 5.3708
19 ธ.ค. 2556 5.2413 5.2694 5.3954
20 ธ.ค. 2556 5.2638 5.2924 5.4237
23 ธ.ค. 2556 5.2978 5.3257 5.4559
24 ธ.ค. 2556 5.3115 5.3376 5.4623
25 ธ.ค. 2556 5.3039 5.3298 5.4567
26 ธ.ค. 2556 5.3188 5.3434 5.4677
27 ธ.ค. 2556 5.3124 5.3417 5.4756
02 ม.ค. 2557 5.3426 5.3711 5.5011
03 ม.ค. 2557 5.3713 5.3979 5.5185
06 ม.ค. 2557 5.3778 5.4069 5.5365
07 ม.ค. 2557 5.3837 5.4093 5.5373
08 ม.ค. 2557 5.3765 5.4040 5.5350
09 ม.ค. 2557 5.3725 5.3999 5.5190
10 ม.ค. 2557 5.3709 5.3995 5.5247
13 ม.ค. 2557 5.3765 5.4032 5.5341
14 ม.ค. 2557 5.3630 5.3905 5.5150
15 ม.ค. 2557 5.3471 5.3750 5.5041
16 ม.ค. 2557 5.3548 5.3815 5.5158
17 ม.ค. 2557 5.3312 5.3582 5.4813
20 ม.ค. 2557 5.3566 5.3825 5.5060
21 ม.ค. 2557 5.3518 5.3793 5.5072
22 ม.ค. 2557 5.3491 5.3758 5.5108
23 ม.ค. 2557 5.3584 5.3873 5.5190
24 ม.ค. 2557 5.3461 5.3721 5.5058
27 ม.ค. 2557 5.3559 5.3823 5.5069
28 ม.ค. 2557 5.3548 5.3798 5.5043
29 ม.ค. 2557 5.3512 5.3753 5.5053
30 ม.ค. 2557 5.3674 5.3921 5.5160
31 ม.ค. 2557 5.3614 5.3879 5.5178
03 ก.พ. 2557 5.3502 5.3783 5.5025
04 ก.พ. 2557 5.3454 5.3742 5.5009
05 ก.พ. 2557 5.3329 5.3580 5.4850
06 ก.พ. 2557 5.3313 5.3600 5.4836
07 ก.พ. 2557 5.3371 5.3643 5.4902
10 ก.พ. 2557 5.3289 5.3547 5.4823
11 ก.พ. 2557 5.3318 5.3591 5.4859
12 ก.พ. 2557 5.3131 5.3406 5.4685
13 ก.พ. 2557 5.2926 5.3185 5.4408
17 ก.พ. 2557 5.2440 5.2745 5.4085
18 ก.พ. 2557 5.2628 5.2903 5.4087
19 ก.พ. 2557 5.2895 5.3136 5.4325
20 ก.พ. 2557 5.2819 5.3072 5.4281
21 ก.พ. 2557 5.2643 5.2916 5.4136
24 ก.พ. 2557 5.2677 5.2927 5.4140
25 ก.พ. 2557 5.2383 5.2648 5.3915
26 ก.พ. 2557 5.2387 5.2595 5.3766
27 ก.พ. 2557 5.2342 5.2603 5.3931
28 ก.พ. 2557 5.2365 5.2587 5.3759
03 มี.ค. 2557 5.2240 5.2472 5.3691
04 มี.ค. 2557 5.2171 5.2427 5.3565
05 มี.ค. 2557 5.1883 5.2137 5.3464
06 มี.ค. 2557 5.2000 5.2230 5.3420
07 มี.ค. 2557 5.1923 5.2181 5.3453
10 มี.ค. 2557 5.1983 5.2243 5.3472
11 มี.ค. 2557 5.1887 5.2141 5.3343
12 มี.ค. 2557 5.1888 5.2141 5.3374
13 มี.ค. 2557 5.1878 5.2167 5.3396
14 มี.ค. 2557 5.1793 5.2077 5.3356
17 มี.ค. 2557 5.1612 5.1849 5.3062
18 มี.ค. 2557 5.1188 5.1450 5.2729
19 มี.ค. 2557 5.1040 5.1281 5.2546
20 มี.ค. 2557 5.1256 5.1528 5.2717
21 มี.ค. 2557 5.1241 5.1521 5.2817
24 มี.ค. 2557 5.1330 5.1573 5.2810
25 มี.ค. 2557 5.1657 5.1940 5.3142
26 มี.ค. 2557 5.1674 5.1949 5.3181
27 มี.ค. 2557 5.1589 5.1848 5.3113
28 มี.ค. 2557 5.1522 5.1789 5.3029
31 มี.ค. 2557 5.1393 5.1658 5.2831
01 เม.ย. 2557 5.1335 5.1613 5.2813
02 เม.ย. 2557 5.1360 5.1610 5.2827
03 เม.ย. 2557 5.1469 5.1746 5.2989
04 เม.ย. 2557 5.1516 5.1782 5.2986
08 เม.ย. 2557 5.1386 5.1652 5.2868
09 เม.ย. 2557 5.1155 5.1430 5.2649
10 เม.ย. 2557 5.1106 5.1383 5.2528
11 เม.ย. 2557 5.1191 5.1420 5.2632
16 เม.ย. 2557 5.1144 5.1369 5.2518
17 เม.ย. 2557 5.0939 5.1196 5.2439
18 เม.ย. 2557 5.0902 5.1162 5.2589
21 เม.ย. 2557 5.0917 5.1173 5.2378
22 เม.ย. 2557 5.0993 5.1259 5.2482
23 เม.ย. 2557 5.1050 5.1324 5.2528
24 เม.ย. 2557 5.0986 5.1229 5.2461
25 เม.ย. 2557 5.0964 5.1269 5.2411
28 เม.ย. 2557 5.0766 5.1088 5.2293
29 เม.ย. 2557 5.0799 5.1095 5.2302
30 เม.ย. 2557 5.0760 5.1096 5.2247
02 พ.ค. 2557 5.0867 5.1204 5.2459
06 พ.ค. 2557 5.1060 5.1376 5.2523
07 พ.ค. 2557 5.1162 5.1461 5.2609
08 พ.ค. 2557 5.1225 5.1562 5.2673
09 พ.ค. 2557 5.1438 5.1771 5.2823
12 พ.ค. 2557 5.1521 5.1838 5.3003
14 พ.ค. 2557 5.1351 5.1687 5.2844
15 พ.ค. 2557 5.1253 5.1572 5.2705
16 พ.ค. 2557 5.1321 5.1653 5.2726
19 พ.ค. 2557 5.1275 5.1601 5.2736
20 พ.ค. 2557 5.1317 5.1645 5.2812
21 พ.ค. 2557 5.1323 5.1641 5.2821
22 พ.ค. 2557 5.1175 5.1507 5.2680
23 พ.ค. 2557 5.1321 5.1653 5.2765
26 พ.ค. 2557 5.1400 5.1709 5.2950
27 พ.ค. 2557 5.1372 5.1692 5.2837
28 พ.ค. 2557 5.1371 5.1710 5.2829
29 พ.ค. 2557 5.1493 5.1804 5.2963
30 พ.ค. 2557 5.1708 5.2036 5.3210
02 มิ.ย. 2557 5.1763 5.2091 5.3252
03 มิ.ย. 2557 5.1599 5.1898 5.3079
04 มิ.ย. 2557 5.1438 5.1761 5.2950
05 มิ.ย. 2557 5.1406 5.1711 5.2951
06 มิ.ย. 2557 5.1250 5.1536 5.2820
09 มิ.ย. 2557 5.1128 5.1440 5.2650
10 มิ.ย. 2557 5.1227 5.1535 5.2740
11 มิ.ย. 2557 5.1391 5.1691 5.2847
12 มิ.ย. 2557 5.1414 5.1718 5.2888
13 มิ.ย. 2557 5.1374 5.1676 5.2880
16 มิ.ย. 2557 5.1281 5.1560 5.2788
17 มิ.ย. 2557 5.1260 5.1566 5.2705
18 มิ.ย. 2557 5.1372 5.1645 5.2795
19 มิ.ย. 2557 5.1244 5.1514 5.2699
20 มิ.ย. 2557 5.1311 5.1539 5.2768
23 มิ.ย. 2557 5.1303 5.1599 5.2738
24 มิ.ย. 2557 5.1311 5.1569 5.2729
25 มิ.ย. 2557 5.1287 5.1520 5.2731
26 มิ.ย. 2557 5.1287 5.1535 5.2687
27 มิ.ย. 2557 5.1403 5.1673 5.2823
30 มิ.ย. 2557 5.1433 5.1678 5.2869
02 ก.ค. 2557 5.1383 5.1630 5.2859
03 ก.ค. 2557 5.1309 5.1561 5.2768
04 ก.ค. 2557 5.1361 5.1618 5.2810
07 ก.ค. 2557 5.1391 5.1624 5.2900
08 ก.ค. 2557 5.1429 5.1694 5.2813
09 ก.ค. 2557 5.1371 5.1660 5.2811
10 ก.ค. 2557 5.1106 5.1388 5.2502
14 ก.ค. 2557 5.1037 5.1275 5.2471
15 ก.ค. 2557 5.1026 5.1290 5.2421
16 ก.ค. 2557 5.1030 5.1315 5.2404
17 ก.ค. 2557 5.1029 5.1307 5.2461
18 ก.ค. 2557 5.1090 5.1373 5.2557
21 ก.ค. 2557 5.0867 5.1137 5.2331
22 ก.ค. 2557 5.0551 5.0801 5.1966
23 ก.ค. 2557 5.0476 5.0751 5.1840
24 ก.ค. 2557 5.0576 5.0843 5.1927
25 ก.ค. 2557 5.0635 5.0884 5.2012
28 ก.ค. 2557 5.0597 5.0831 5.2043
29 ก.ค. 2557 5.0631 5.0879 5.2008
30 ก.ค. 2557 5.0736 5.1000 5.2127
31 ก.ค. 2557 5.1020 5.1301 5.2404
01 ส.ค. 2557 5.1344 5.1638 5.2762
04 ส.ค. 2557 5.1232 5.1471 5.2676
05 ส.ค. 2557 5.1250 5.1507 5.2616
06 ส.ค. 2557 5.1364 5.1627 5.2740
07 ส.ค. 2557 5.1500 5.1784 5.2932
08 ส.ค. 2557 5.1532 5.1825 5.2936
13 ส.ค. 2557 5.1168 5.1419 5.2603
14 ส.ค. 2557 5.1070 5.1338 5.2457
15 ส.ค. 2557 5.1089 5.1352 5.2433
18 ส.ค. 2557 5.1018 5.1292 5.2427
19 ส.ค. 2557 5.1095 5.1373 5.2534
20 ส.ค. 2557 5.1134 5.1407 5.2562
21 ส.ค. 2557 5.1357 5.1616 5.2772
22 ส.ค. 2557 5.1051 5.1323 5.2511
25 ส.ค. 2557 5.1224 5.1482 5.2663
26 ส.ค. 2557 5.1142 5.1385 5.2524
27 ส.ค. 2557 5.1077 5.1340 5.2542
28 ส.ค. 2557 5.1111 5.1388 5.2533
29 ส.ค. 2557 5.1190 5.1456 5.2628
01 ก.ย. 2557 5.1206 5.1449 5.2639
02 ก.ย. 2557 5.1328 5.1585 5.2765
03 ก.ย. 2557 5.1437 5.1736 5.2836
04 ก.ย. 2557 5.1317 5.1599 5.2770
05 ก.ย. 2557 5.1470 5.1737 5.2856
08 ก.ย. 2557 5.1308 5.1559 5.2755
09 ก.ย. 2557 5.1490 5.1775 5.2933
10 ก.ย. 2557 5.1595 5.1878 5.2967
11 ก.ย. 2557 5.1759 5.1975 5.2976
12 ก.ย. 2557 5.1754 5.2032 5.3116
15 ก.ย. 2557 5.1754 5.2009 5.3203
16 ก.ย. 2557 5.1646 5.1913 5.3135
17 ก.ย. 2557 5.1623 5.1865 5.3031
18 ก.ย. 2557 5.1752 5.2010 5.3229
19 ก.ย. 2557 5.1714 5.1973 5.3161
22 ก.ย. 2557 5.1634 5.1913 5.3060
23 ก.ย. 2557 5.1738 5.2023 5.3103
24 ก.ย. 2557 5.1772 5.2029 5.3119
25 ก.ย. 2557 5.1802 5.2069 5.3112
26 ก.ย. 2557 5.1825 5.2106 5.3252
29 ก.ย. 2557 5.2012 5.2250 5.3257
30 ก.ย. 2557 5.1893 5.2145 5.3181
01 ต.ค. 2557 5.2050 5.2296 5.3345
02 ต.ค. 2557 5.1975 5.2253 5.3299
03 ต.ค. 2557 5.2081 5.2323 5.3352
06 ต.ค. 2557 5.2310 5.2597 5.3722
07 ต.ค. 2557 5.2309 5.2566 5.3615
08 ต.ค. 2557 5.2431 5.2678 5.3683
09 ต.ค. 2557 5.2185 5.2465 5.3485
10 ต.ค. 2557 5.2117 5.2393 5.3467
13 ต.ค. 2557 5.2161 5.2443 5.3427
14 ต.ค. 2557 5.2212 5.2512 5.3437
15 ต.ค. 2557 5.2355 5.2611 5.3603
16 ต.ค. 2557 5.2168 5.2444 5.3500
17 ต.ค. 2557 5.2236 5.2512 5.3446
20 ต.ค. 2557 5.2041 5.2343 5.3405
21 ต.ค. 2557 5.1967 5.2222 5.3236
22 ต.ค. 2557 5.2048 5.2329 5.3321
24 ต.ค. 2557 5.2221 5.2517 5.3482
27 ต.ค. 2557 5.2227 5.2528 5.3525
28 ต.ค. 2557 5.2348 5.2603 5.3512
29 ต.ค. 2557 5.2384 5.2659 5.3673
30 ต.ค. 2557 5.2522 5.2791 5.3790
31 ต.ค. 2557 5.2433 5.2745 5.3747
03 พ.ย. 2557 5.2548 5.2858 5.3902
04 พ.ย. 2557 5.2646 5.2891 5.3960
05 พ.ย. 2557 5.2737 5.3020 5.4036
06 พ.ย. 2557 5.2857 5.3162 5.4207
07 พ.ย. 2557 5.2997 5.3292 5.4311
10 พ.ย. 2557 5.2783 5.3046 5.4048
11 พ.ย. 2557 5.2879 5.3168 5.4187
12 พ.ย. 2557 5.2877 5.3131 5.4172
13 พ.ย. 2557 5.2816 5.3112 5.4112
14 พ.ย. 2557 5.2859 5.3148 5.4119
17 พ.ย. 2557 5.2779 5.3038 5.4117
18 พ.ย. 2557 5.2803 5.3089 5.4078
19 พ.ย. 2557 5.2832 5.3117 5.4177
20 พ.ย. 2557 5.2867 5.3139 5.4232
21 พ.ย. 2557 5.2774 5.3078 5.4121
24 พ.ย. 2557 5.2679 5.2978 5.4026
25 พ.ย. 2557 5.2718 5.2988 5.3949
26 พ.ย. 2557 5.2653 5.2961 5.3975
27 พ.ย. 2557 5.2633 5.2922 5.3945
28 พ.ย. 2557 5.2664 5.2923 5.3941
01 ธ.ค. 2557 5.2797 5.3056 5.4044
02 ธ.ค. 2557 5.2550 5.2845 5.3918
03 ธ.ค. 2557 5.2710 5.2981 5.4044
04 ธ.ค. 2557 5.2682 5.2977 5.4037
08 ธ.ค. 2557 5.2918 5.3226 5.4282
09 ธ.ค. 2557 5.2607 5.2884 5.3936
11 ธ.ค. 2557 5.2384 5.2683 5.3798
12 ธ.ค. 2557 5.2197 5.2487 5.3589
15 ธ.ค. 2557 5.2283 5.2548 5.3552
16 ธ.ค. 2557 5.2424 5.2731 5.3801
17 ธ.ค. 2557 5.2514 5.2798 5.3856
18 ธ.ค. 2557 5.2295 5.2578 5.3667
19 ธ.ค. 2557 5.2000 5.2299 5.3390
22 ธ.ค. 2557 5.2086 5.2377 5.3328
23 ธ.ค. 2557 5.2123 5.2430 5.3481
24 ธ.ค. 2557 5.2048 5.2344 5.3420
25 ธ.ค. 2557 5.2138 5.2422 5.3522
26 ธ.ค. 2557 5.2237 5.2556 5.3584
29 ธ.ค. 2557 5.2219 5.2487 5.3517
30 ธ.ค. 2557 5.2187 5.2476 5.3519
05 ม.ค. 2558 5.2266 5.2581 5.3682
06 ม.ค. 2558 5.2165 5.2488 5.3609
07 ม.ค. 2558 5.2104 5.2415 5.3559
08 ม.ค. 2558 5.2072 5.2396 5.3538
09 ม.ค. 2558 5.2118 5.2440 5.3464
12 ม.ค. 2558 5.2126 5.2436 5.3535
13 ม.ค. 2558 5.2165 5.2459 5.3545
14 ม.ค. 2558 5.2122 5.2450 5.3506
15 ม.ค. 2558 5.2030 5.2360 5.3502
16 ม.ค. 2558 5.1874 5.2205 5.3328
19 ม.ค. 2558 5.1552 5.1843 5.2989
20 ม.ค. 2558 5.1773 5.2093 5.3183
21 ม.ค. 2558 5.1759 5.2082 5.3201
22 ม.ค. 2558 5.1642 5.1969 5.3028
23 ม.ค. 2558 5.1591 5.1904 5.3034
26 ม.ค. 2558 5.1393 5.1685 5.2747
27 ม.ค. 2558 5.1305 5.1613 5.2732
28 ม.ค. 2558 5.1430 5.1749 5.2800
29 ม.ค. 2558 5.1336 5.1653 5.2794
30 ม.ค. 2558 5.1516 5.1817 5.2946
02 ก.พ. 2558 5.1290 5.1598 5.2790
03 ก.พ. 2558 5.1142 5.1464 5.2602
04 ก.พ. 2558 5.1320 5.1645 5.2716
05 ก.พ. 2558 5.1333 5.1648 5.2737
06 ก.พ. 2558 5.1281 5.1596 5.2785
09 ก.พ. 2558 5.1458 5.1748 5.2739
10 ก.พ. 2558 5.1400 5.1688 5.2720
11 ก.พ. 2558 5.1427 5.1728 5.2884
12 ก.พ. 2558 5.1523 5.1862 5.2873
13 ก.พ. 2558 5.1429 5.1743 5.2873
16 ก.พ. 2558 5.1377 5.1679 5.2821
17 ก.พ. 2558 5.1295 5.1585 5.2683
18 ก.พ. 2558 5.1223 5.1523 5.2640
19 ก.พ. 2558 5.1159 5.1463 5.2645
20 ก.พ. 2558 5.1209 5.1513 5.2603
23 ก.พ. 2558 5.1170 5.1487 5.2613
24 ก.พ. 2558 5.1230 5.1521 5.2630
25 ก.พ. 2558 5.1147 5.1467 5.2625
26 ก.พ. 2558 5.1020 5.1336 5.2494
27 ก.พ. 2558 5.0836 5.1141 5.2293
02 มี.ค. 2558 5.0854 5.1122 5.2153
03 มี.ค. 2558 5.0729 5.1033 5.2119
05 มี.ค. 2558 5.0837 5.1136 5.2236
06 มี.ค. 2558 5.0959 5.1251 5.2290
09 มี.ค. 2558 5.1102 5.1389 5.2580
10 มี.ค. 2558 5.1237 5.1536 5.2647
11 มี.ค. 2558 5.1321 5.1644 5.2863
12 มี.ค. 2558 5.1589 5.1923 5.3120
13 มี.ค. 2558 5.1591 5.1909 5.3012
16 มี.ค. 2558 5.1759 5.2070 5.3105
17 มี.ค. 2558 5.1776 5.2084 5.3184
18 มี.ค. 2558 5.1869 5.2178 5.3275
19 มี.ค. 2558 5.1850 5.2162 5.3297
20 มี.ค. 2558 5.1974 5.2318 5.3456
23 มี.ค. 2558 5.1663 5.1971 5.3179
24 มี.ค. 2558 5.1573 5.1879 5.3039
25 มี.ค. 2558 5.1640 5.1927 5.2967
26 มี.ค. 2558 5.1595 5.1923 5.3050
27 มี.ค. 2558 5.1606 5.1919 5.3082
30 มี.ค. 2558 5.1709 5.1989 5.3058
31 มี.ค. 2558 5.1654 5.1951 5.3064
01 เม.ย. 2558 5.1631 5.1913 5.3061
02 เม.ย. 2558 5.1535 5.1835 5.2958
03 เม.ย. 2558 5.1585 5.1886 5.2986
07 เม.ย. 2558 5.1679 5.1992 5.2997
08 เม.ย. 2558 5.1707 5.2005 5.3091
09 เม.ย. 2558 5.1695 5.1986 5.3095
10 เม.ย. 2558 5.1693 5.2092 5.2884
16 เม.ย. 2558 5.1392 5.1736 5.2971
17 เม.ย. 2558 5.1559 5.1850 5.2835
20 เม.ย. 2558 5.1426 5.1716 5.2789
21 เม.ย. 2558 5.1470 5.1760 5.2905
22 เม.ย. 2558 5.1461 5.1781 5.2806
23 เม.ย. 2558 5.1474 5.1793 5.2940
24 เม.ย. 2558 5.1587 5.1919 5.3016
27 เม.ย. 2558 5.1806 5.2097 5.3159
28 เม.ย. 2558 5.1721 5.2064 5.3105
29 เม.ย. 2558 5.1832 5.2157 5.3317
30 เม.ย. 2558 5.2040 5.2384 5.3679
06 พ.ค. 2558 5.2725 5.3048 5.4292
07 พ.ค. 2558 5.2966 5.3299 5.4383
08 พ.ค. 2558 5.3190 5.3516 5.4647
11 พ.ค. 2558 5.3241 5.3550 5.4646
12 พ.ค. 2558 5.3575 5.3907 5.5028
13 พ.ค. 2558 5.3446 5.3786 5.4918
14 พ.ค. 2558 5.3113 5.3446 5.4606
15 พ.ค. 2558 5.3273 5.3578 5.4689
18 พ.ค. 2558 5.3152 5.3473 5.4564
19 พ.ค. 2558 5.3002 5.3285 5.4416
20 พ.ค. 2558 5.3217 5.3550 5.4752
21 พ.ค. 2558 5.3208 5.3527 5.4657
22 พ.ค. 2558 5.3130 5.3436 5.4534
25 พ.ค. 2558 5.3211 5.3541 5.4664
26 พ.ค. 2558 5.3408 5.3733 5.4907
27 พ.ค. 2558 5.3582 5.3917 5.5095
28 พ.ค. 2558 5.3622 5.3969 5.5095
29 พ.ค. 2558 5.3616 5.3912 5.4993
02 มิ.ย. 2558 5.3619 5.3966 5.5084
03 มิ.ย. 2558 5.3536 5.3864 5.5043
04 มิ.ย. 2558 5.3520 5.3847 5.5006
05 มิ.ย. 2558 5.3580 5.3878 5.5016
08 มิ.ย. 2558 5.3786 5.4102 5.5216
09 มิ.ย. 2558 5.3585 5.3889 5.4920
10 มิ.ย. 2558 5.3411 5.3746 5.4992
11 มิ.ย. 2558 5.3343 5.3657 5.4908
12 มิ.ย. 2558 5.3485 5.3799 5.4889
15 มิ.ย. 2558 5.3447 5.3764 5.4899
16 มิ.ย. 2558 5.3505 5.3796 5.4846
17 มิ.ย. 2558 5.3448 5.3764 5.4864
18 มิ.ย. 2558 5.3347 5.3657 5.4852
19 มิ.ย. 2558 5.3433 5.3739 5.4837
22 มิ.ย. 2558 5.3376 5.3663 5.4883
23 มิ.ย. 2558 5.3475 5.3793 5.4971
24 มิ.ย. 2558 5.3596 5.3897 5.5082
25 มิ.ย. 2558 5.3606 5.3927 5.5069
26 มิ.ย. 2558 5.3629 5.3914 5.5004
29 มิ.ย. 2558 5.3688 5.4002 5.5135
30 มิ.ย. 2558 5.3611 5.3915 5.5025
02 ก.ค. 2558 5.3625 5.3919 5.5131
03 ก.ค. 2558 5.3670 5.3949 5.4991
06 ก.ค. 2558 5.3664 5.3959 5.5116
07 ก.ค. 2558 5.3678 5.3999 5.5204
08 ก.ค. 2558 5.3920 5.4229 5.5322
09 ก.ค. 2558 5.3793 5.4118 5.5354
10 ก.ค. 2558 5.3755 5.4070 5.5292
13 ก.ค. 2558 5.3834 5.4149 5.5330
14 ก.ค. 2558 5.3924 5.4233 5.5442
15 ก.ค. 2558 5.3976 5.4286 5.5402
16 ก.ค. 2558 5.4233 5.4555 5.5676
17 ก.ค. 2558 5.4211 5.4507 5.5700
20 ก.ค. 2558 5.4347 5.4660 5.5832
21 ก.ค. 2558 5.4607 5.4946 5.6149
22 ก.ค. 2558 5.4763 5.5105 5.6248
23 ก.ค. 2558 5.5126 5.5451 5.6636
24 ก.ค. 2558 5.5291 5.5599 5.6731
27 ก.ค. 2558 5.5232 5.5551 5.6788
28 ก.ค. 2558 5.5344 5.5646 5.6749
29 ก.ค. 2558 5.5290 5.5636 5.6837
31 ก.ค. 2558 5.5725 5.6042 5.7324
03 ส.ค. 2558 5.5577 5.5872 5.7090
04 ส.ค. 2558 5.5683 5.6003 5.7158
05 ส.ค. 2558 5.5640 5.5971 5.7165
06 ส.ค. 2558 5.5772 5.6075 5.7235
07 ส.ค. 2558 5.5768 5.6062 5.7195
10 ส.ค. 2558 5.5678 5.6004 5.7187
11 ส.ค. 2558 5.5333 5.5617 5.6880
13 ส.ค. 2558 5.4036 5.4342 5.5617
14 ส.ค. 2558 5.4094 5.4396 5.5667
17 ส.ค. 2558 5.4249 5.4574 5.5919
18 ส.ค. 2558 5.4619 5.4933 5.6170
19 ส.ค. 2558 5.4703 5.5004 5.6226
20 ส.ค. 2558 5.4629 5.4915 5.6178
21 ส.ค. 2558 5.4899 5.5171 5.6339
24 ส.ค. 2558 5.4947 5.5234 5.6492
25 ส.ค. 2558 5.4604 5.4889 5.6125
26 ส.ค. 2558 5.4564 5.4792 5.6110
27 ส.ค. 2558 5.4559 5.4855 5.6182
28 ส.ค. 2558 5.4926 5.5276 5.6464
31 ส.ค. 2558 5.5209 5.5576 5.6752
01 ก.ย. 2558 5.5046 5.5341 5.6649
02 ก.ย. 2558 5.5069 5.5362 5.6742
03 ก.ย. 2558 5.5146 5.5447 5.6828
04 ก.ย. 2558 5.5308 5.5588 5.6936
07 ก.ย. 2558 5.5460 5.5758 5.7122
08 ก.ย. 2558 5.5731 5.5983 5.7362
09 ก.ย. 2558 5.5414 5.5706 5.7002
10 ก.ย. 2558 5.5649 5.5911 5.7277
11 ก.ย. 2558 5.5525 5.5853 5.7163
14 ก.ย. 2558 5.5597 5.5904 5.7072
15 ก.ย. 2558 5.5545 5.5861 5.7109
16 ก.ย. 2558 5.5409 5.5732 5.7039
17 ก.ย. 2558 5.5245 5.5551 5.6838
18 ก.ย. 2558 5.5196 5.5516 5.6775
21 ก.ย. 2558 5.5125 5.5407 5.6753
22 ก.ย. 2558 5.5405 5.5712 5.7000
23 ก.ย. 2558 5.5568 5.5884 5.7197
24 ก.ย. 2558 5.5765 5.6069 5.7376
25 ก.ย. 2558 5.5816 5.6137 5.7369
28 ก.ย. 2558 5.5920 5.6230 5.7457
29 ก.ย. 2558 5.6339 5.6669 5.7996
30 ก.ย. 2558 5.6297 5.6631 5.7923
01 ต.ค. 2558 5.6261 5.6588 5.7853
02 ต.ค. 2558 5.6531 5.6874 5.8128
05 ต.ค. 2558 5.6473 5.6791 5.7930
06 ต.ค. 2558 5.6239 5.6581 5.7867
07 ต.ค. 2558 5.5956 5.6301 5.7610
08 ต.ค. 2558 5.5650 5.6005 5.7224
09 ต.ค. 2558 5.5194 5.5533 5.6911
12 ต.ค. 2558 5.5179 5.5518 5.6711
13 ต.ค. 2558 5.5176 5.5494 5.6708
14 ต.ค. 2558 5.5178 5.5508 5.6697
15 ต.ค. 2558 5.4597 5.4869 5.6205
16 ต.ค. 2558 5.4676 5.4997 5.6224
19 ต.ค. 2558 5.4643 5.4954 5.6170
20 ต.ค. 2558 5.4780 5.5106 5.6326
21 ต.ค. 2558 5.4820 5.5153 5.6390
22 ต.ค. 2558 5.5144 5.5426 5.6692
26 ต.ค. 2558 5.4988 5.5298 5.6512
27 ต.ค. 2558 5.4920 5.5226 5.6444
28 ต.ค. 2558 5.4918 5.5204 5.6422
29 ต.ค. 2558 5.5012 5.5318 5.6653
30 ต.ค. 2558 5.5165 5.5493 5.6739
02 พ.ย. 2558 5.5355 5.5669 5.6830
03 พ.ย. 2558 5.5182 5.5488 5.6712
04 พ.ย. 2558 5.5119 5.5442 5.6703
05 พ.ย. 2558 5.5059 5.5390 5.6677
06 พ.ย. 2558 5.5137 5.5432 5.6548
09 พ.ย. 2558 5.5379 5.5703 5.6959
10 พ.ย. 2558 5.5484 5.5775 5.6966
11 พ.ย. 2558 5.5395 5.5706 5.6919
12 พ.ย. 2558 5.5345 5.5660 5.6864
13 พ.ย. 2558 5.5346 5.5657 5.6875
16 พ.ย. 2558 5.5416 5.5708 5.6968
17 พ.ย. 2558 5.5434 5.5753 5.7067
18 พ.ย. 2558 5.5495 5.5797 5.6987
19 พ.ย. 2558 5.5343 5.5652 5.6848
20 พ.ย. 2558 5.5029 5.5341 5.6663
23 พ.ย. 2558 5.5034 5.5319 5.6635
24 พ.ย. 2558 5.5111 5.5405 5.6693
25 พ.ย. 2558 5.4901 5.5199 5.6436
26 พ.ย. 2558 5.4935 5.5223 5.6488
27 พ.ย. 2558 5.5023 5.5313 5.6553
30 พ.ย. 2558 5.5095 5.5388 5.6798
01 ธ.ค. 2558 5.4952 5.5253 5.6589
02 ธ.ค. 2558 5.4908 5.5181 5.6515
03 ธ.ค. 2558 5.5084 5.5362 5.6720
04 ธ.ค. 2558 5.4984 5.5274 5.6559
08 ธ.ค. 2558 5.4907 5.5186 5.6571
09 ธ.ค. 2558 5.4944 5.5196 5.6609
11 ธ.ค. 2558 5.4848 5.5133 5.6459
14 ธ.ค. 2558 5.4748 5.5000 5.6499
15 ธ.ค. 2558 5.4655 5.4945 5.6453
16 ธ.ค. 2558 5.4573 5.4809 5.6208
17 ธ.ค. 2558 5.4566 5.4856 5.6269
18 ธ.ค. 2558 5.4670 5.4909 5.6401
21 ธ.ค. 2558 5.4629 5.4878 5.6331
22 ธ.ค. 2558 5.4575 5.4840 5.6192
23 ธ.ค. 2558 5.4629 5.4844 5.6253
24 ธ.ค. 2558 5.4652 5.4910 5.6298
25 ธ.ค. 2558 5.4640 5.4883 5.6230
28 ธ.ค. 2558 5.4636 5.4888 5.6266
29 ธ.ค. 2558 5.4587 5.4829 5.6235
30 ธ.ค. 2558 5.4417 5.4677 5.6239
04 ม.ค. 2559 5.4384 5.4592 5.6189
05 ม.ค. 2559 5.4127 5.4391 5.5952
06 ม.ค. 2559 5.4025 5.4298 5.5927
07 ม.ค. 2559 5.3718 5.3983 5.5687
08 ม.ค. 2559 5.3697 5.4011 5.5490
11 ม.ค. 2559 5.3739 5.4044 5.5641
12 ม.ค. 2559 5.4068 5.4400 5.5869
13 ม.ค. 2559 5.4145 5.4447 5.5826
14 ม.ค. 2559 5.4111 5.4419 5.5824
15 ม.ค. 2559 5.4006 5.4310 5.5738
18 ม.ค. 2559 5.4194 5.4479 5.5786
19 ม.ค. 2559 5.4072 5.4371 5.5765
20 ม.ค. 2559 5.4039 5.4354 5.5832
21 ม.ค. 2559 5.3914 5.4257 5.5796
22 ม.ค. 2559 5.3829 5.4137 5.5660
25 ม.ค. 2559 5.3583 5.3901 5.5350
26 ม.ค. 2559 5.3497 5.3822 5.5337
27 ม.ค. 2559 5.3342 5.3628 5.5061
28 ม.ค. 2559 5.3394 5.3680 5.5125
29 ม.ค. 2559 5.3152 5.3517 5.5040
01 ก.พ. 2559 5.3120 5.3453 5.4850
02 ก.พ. 2559 5.3061 5.3365 5.4722
03 ก.พ. 2559 5.3278 5.3569 5.4996
04 ก.พ. 2559 5.2972 5.3290 5.4781
05 ก.พ. 2559 5.3053 5.3382 5.4831
08 ก.พ. 2559 5.2986 5.3320 5.4770
09 ก.พ. 2559 5.2895 5.3230 5.4680
10 ก.พ. 2559 5.2825 5.3150 5.4533
11 ก.พ. 2559 5.2733 5.3041 5.4436
12 ก.พ. 2559 5.2816 5.3172 5.4600
15 ก.พ. 2559 5.3573 5.3885 5.5311
16 ก.พ. 2559 5.3714 5.4042 5.5422
17 ก.พ. 2559 5.3647 5.3940 5.5365
18 ก.พ. 2559 5.3468 5.3802 5.5343
19 ก.พ. 2559 5.3520 5.3875 5.5396
23 ก.พ. 2559 5.3706 5.4034 5.5423
24 ก.พ. 2559 5.3635 5.3953 5.5375
25 ก.พ. 2559 5.3586 5.3888 5.5257
26 ก.พ. 2559 5.3527 5.3845 5.5259
29 ก.พ. 2559 5.3524 5.3834 5.5282
01 มี.ค. 2559 5.3366 5.3686 5.5106
02 มี.ค. 2559 5.3354 5.3651 5.5019
03 มี.ค. 2559 5.3172 5.3510 5.4925
04 มี.ค. 2559 5.3177 5.3510 5.4895
07 มี.ค. 2559 5.3341 5.3663 5.5110
08 มี.ค. 2559 5.3386 5.3692 5.5070
09 มี.ค. 2559 5.3207 5.3525 5.4988
10 มี.ค. 2559 5.3054 5.3373 5.4818
11 มี.ค. 2559 5.3037 5.3377 5.4870
14 มี.ค. 2559 5.2976 5.3291 5.4700
15 มี.ค. 2559 5.2990 5.3301 5.4710
16 มี.ค. 2559 5.2772 5.3103 5.4568
17 มี.ค. 2559 5.2517 5.2855 5.4225
18 มี.ค. 2559 5.2777 5.3128 5.4574
21 มี.ค. 2559 5.2893 5.3214 5.4566
22 มี.ค. 2559 5.2788 5.3088 5.4531
23 มี.ค. 2559 5.2863 5.3174 5.4618
24 มี.ค. 2559 5.3161 5.3459 5.4821
25 มี.ค. 2559 5.3176 5.3477 5.4814
28 มี.ค. 2559 5.3120 5.3462 5.4848
29 มี.ค. 2559 5.3333 5.3638 5.5012
30 มี.ค. 2559 5.3299 5.3615 5.5061
31 มี.ค. 2559 5.3424 5.3744 5.5143
01 เม.ย. 2559 5.3374 5.3666 5.5061
04 เม.ย. 2559 5.3216 5.3540 5.5026
05 เม.ย. 2559 5.3549 5.3851 5.5247
07 เม.ย. 2559 5.3296 5.3601 5.5088
08 เม.ย. 2559 5.3272 5.3570 5.5031
11 เม.ย. 2559 5.3139 5.3456 5.4897
12 เม.ย. 2559 5.3146 5.3462 5.4829
18 เม.ย. 2559 5.3077 5.3380 5.4697
19 เม.ย. 2559 5.2910 5.3229 5.4676
20 เม.ย. 2559 5.2924 5.3221 5.4638
21 เม.ย. 2559 5.2889 5.3271 5.4765
22 เม.ย. 2559 5.2993 5.3297 5.4733
25 เม.ย. 2559 5.2910 5.3222 5.4655
26 เม.ย. 2559 5.3019 5.3350 5.4793
27 เม.ย. 2559 5.2964 5.3301 5.4798
28 เม.ย. 2559 5.2916 5.3255 5.4662
29 เม.ย. 2559 5.2849 5.3199 5.4609
03 พ.ค. 2559 5.2756 5.3070 5.4541
04 พ.ค. 2559 5.2975 5.3266 5.4662
09 พ.ค. 2559 5.2877 5.3209 5.4660
10 พ.ค. 2559 5.2959 5.3268 5.4715
11 พ.ค. 2559 5.2906 5.3215 5.4689
12 พ.ค. 2559 5.3108 5.3399 5.4791
13 พ.ค. 2559 5.3149 5.3451 5.4824
16 พ.ค. 2559 5.3122 5.3440 5.4919
17 พ.ค. 2559 5.3288 5.3577 5.4861
18 พ.ค. 2559 5.3544 5.3816 5.5135
19 พ.ค. 2559 5.3572 5.3874 5.5228
23 พ.ค. 2559 5.3421 5.3736 5.5036
24 พ.ค. 2559 5.3546 5.3837 5.5175
25 พ.ค. 2559 5.3549 5.3860 5.5212
26 พ.ค. 2559 5.3390 5.3709 5.5080
27 พ.ค. 2559 5.3359 5.3683 5.5004
30 พ.ค. 2559 5.3508 5.3808 5.5124
31 พ.ค. 2559 5.3303 5.3622 5.5011
01 มิ.ย. 2559 5.3274 5.3591 5.4933
02 มิ.ย. 2559 5.3249 5.3552 5.4866
03 มิ.ย. 2559 5.3106 5.3392 5.4757
06 มิ.ย. 2559 5.2996 5.3287 5.4606
07 มิ.ย. 2559 5.2843 5.3128 5.4436
08 มิ.ย. 2559 5.2770 5.3040 5.4261
09 มิ.ย. 2559 5.2621 5.2921 5.4242
10 มิ.ย. 2559 5.2775 5.3052 5.4326
13 มิ.ย. 2559 5.2642 5.2941 5.4322
14 มิ.ย. 2559 5.2531 5.2796 5.4039
15 มิ.ย. 2559 5.2672 5.2946 5.4275
16 มิ.ย. 2559 5.2504 5.2828 5.4245
17 มิ.ย. 2559 5.2620 5.2907 5.4190
20 มิ.ย. 2559 5.2576 5.2877 5.4108
21 มิ.ย. 2559 5.2625 5.2911 5.4169
22 มิ.ย. 2559 5.2589 5.2874 5.4128
23 มิ.ย. 2559 5.2594 5.2875 5.4146
24 มิ.ย. 2559 5.2494 5.2788 5.4326
27 มิ.ย. 2559 5.2360 5.2649 5.4007
28 มิ.ย. 2559 5.2057 5.2345 5.3735
29 มิ.ย. 2559 5.2071 5.2373 5.3666
30 มิ.ย. 2559 5.2031 5.2320 5.3568
04 ก.ค. 2559 5.1779 5.2018 5.3341
05 ก.ค. 2559 5.1660 5.1967 5.3279
06 ก.ค. 2559 5.1703 5.2012 5.3438
07 ก.ค. 2559 5.1652 5.1938 5.3281
08 ก.ค. 2559 5.1750 5.2035 5.3297
11 ก.ค. 2559 5.1567 5.1867 5.3194
12 ก.ค. 2559 5.1593 5.1869 5.3188
13 ก.ค. 2559 5.1741 5.2016 5.3282
14 ก.ค. 2559 5.1619 5.1905 5.3268
15 ก.ค. 2559 5.1483 5.1781 5.3025
20 ก.ค. 2559 5.1410 5.1739 5.3087
21 ก.ค. 2559 5.1628 5.1921 5.3124
22 ก.ค. 2559 5.1462 5.1736 5.3032
25 ก.ค. 2559 5.1378 5.1628 5.3322
26 ก.ค. 2559 5.1553 5.1854 5.3171
27 ก.ค. 2559 5.1533 5.1825 5.3140
28 ก.ค. 2559 5.1467 5.1753 5.3063
29 ก.ค. 2559 5.1454 5.1784 5.3120
01 ส.ค. 2559 5.1510 5.1788 5.3096
02 ส.ค. 2559 5.1522 5.1780 5.2957
03 ส.ค. 2559 5.1579 5.1866 5.3141
04 ส.ค. 2559 5.1764 5.2054 5.3295
05 ส.ค. 2559 5.1579 5.1866 5.3159
08 ส.ค. 2559 5.1615 5.1897 5.3204
09 ส.ค. 2559 5.1535 5.1840 5.3226
10 ส.ค. 2559 5.1430 5.1749 5.2953
11 ส.ค. 2559 5.1535 5.1810 5.3024
15 ส.ค. 2559 5.1342 5.1665 5.2971
16 ส.ค. 2559 5.1262 5.1545 5.2833
17 ส.ค. 2559 5.1381 5.1679 5.2973
18 ส.ค. 2559 5.1330 5.1619 5.2782
19 ส.ค. 2559 5.1271 5.1555 5.2786
22 ส.ค. 2559 5.1243 5.1506 5.2753
23 ส.ค. 2559 5.1147 5.1450 5.2697
24 ส.ค. 2559 5.1262 5.1521 5.2717
25 ส.ค. 2559 5.1083 5.1359 5.2609
26 ส.ค. 2559 5.0962 5.1244 5.2493
29 ส.ค. 2559 5.1006 5.1293 5.2586
30 ส.ค. 2559 5.0881 5.1167 5.2417
31 ส.ค. 2559 5.0951 5.1226 5.2497
01 ก.ย. 2559 5.0937 5.1226 5.2452
02 ก.ย. 2559 5.0965 5.1229 5.2444
05 ก.ย. 2559 5.0982 5.1271 5.2493
06 ก.ย. 2559 5.1140 5.1440 5.2664
07 ก.ย. 2559 5.0975 5.1235 5.2459
08 ก.ย. 2559 5.1064 5.1348 5.2590
09 ก.ย. 2559 5.1220 5.1515 5.2697
12 ก.ย. 2559 5.1295 5.1586 5.2825
13 ก.ย. 2559 5.1225 5.1524 5.2818
14 ก.ย. 2559 5.1467 5.1743 5.2943
15 ก.ย. 2559 5.1396 5.1720 5.2883
16 ก.ย. 2559 5.1372 5.1684 5.2928
19 ก.ย. 2559 5.1405 5.1707 5.3000
20 ก.ย. 2559 5.1345 5.1616 5.2858
21 ก.ย. 2559 5.1166 5.1471 5.2836
22 ก.ย. 2559 5.1117 5.1393 5.2607
23 ก.ย. 2559 5.1115 5.1390 5.2619
26 ก.ย. 2559 5.1063 5.1343 5.2628
27 ก.ย. 2559 5.0955 5.1250 5.2574
28 ก.ย. 2559 5.0957 5.1239 5.2555
29 ก.ย. 2559 5.0953 5.1228 5.2515
30 ก.ย. 2559 5.1112 5.1404 5.2700
03 ต.ค. 2559 5.0971 5.1269 5.2533
04 ต.ค. 2559 5.1131 5.1394 5.2627
05 ต.ค. 2559 5.1205 5.1471 5.2741
06 ต.ค. 2559 5.1311 5.1557 5.2689
07 ต.ค. 2559 5.1238 5.1531 5.2855
10 ต.ค. 2559 5.1437 5.1710 5.2927
11 ต.ค. 2559 5.1574 5.1838 5.3089
12 ต.ค. 2559 5.1785 5.2053 5.3502
13 ต.ค. 2559 5.2177 5.2477 5.3753
14 ต.ค. 2559 5.1540 5.1755 5.3005
17 ต.ค. 2559 5.1694 5.1962 5.3181
18 ต.ค. 2559 5.1371 5.1622 5.2754
19 ต.ค. 2559 5.1013 5.1244 5.2530
20 ต.ค. 2559 5.1005 5.1224 5.2417
21 ต.ค. 2559 5.1114 5.1390 5.2579
25 ต.ค. 2559 5.0796 5.1073 5.2394
26 ต.ค. 2559 5.0776 5.1046 5.2255
27 ต.ค. 2559 5.0830 5.1111 5.2406
28 ต.ค. 2559 5.1004 5.1245 5.2314
31 ต.ค. 2559 5.0862 5.1120 5.2263
01 พ.ย. 2559 5.0946 5.1169 5.2244
02 พ.ย. 2559 5.0953 5.1228 5.2456
03 พ.ย. 2559 5.0770 5.1062 5.2361
04 พ.ย. 2559 5.0853 5.1113 5.2283
07 พ.ย. 2559 5.0953 5.1195 5.2326
08 พ.ย. 2559 5.0708 5.0992 5.2252
09 พ.ย. 2559 5.0627 5.0928 5.2220
10 พ.ย. 2559 5.0769 5.0971 5.2163
11 พ.ย. 2559 5.0946 5.1209 5.2427
14 พ.ย. 2559 5.1085 5.1348 5.2521
15 พ.ย. 2559 5.0836 5.1097 5.2223
16 พ.ย. 2559 5.0821 5.1055 5.2262
17 พ.ย. 2559 5.0715 5.0987 5.2268
18 พ.ย. 2559 5.0825 5.1073 5.2239
21 พ.ย. 2559 5.0729 5.0972 5.2198
22 พ.ย. 2559 5.0589 5.0841 5.2160
23 พ.ย. 2559 5.0599 5.0875 5.2156
24 พ.ย. 2559 5.0678 5.0931 5.2147
25 พ.ย. 2559 5.0687 5.0943 5.2075
28 พ.ย. 2559 5.0594 5.0852 5.2131
29 พ.ย. 2559 5.0712 5.0963 5.2072
30 พ.ย. 2559 5.0814 5.1066 5.2343
01 ธ.ค. 2559 5.0955 5.1225 5.2349
02 ธ.ค. 2559 5.0922 5.1211 5.2469
06 ธ.ค. 2559 5.1088 5.1309 5.2428
07 ธ.ค. 2559 5.1008 5.1237 5.2378
08 ธ.ค. 2559 5.0971 5.1206 5.2296
09 ธ.ค. 2559 5.0873 5.1084 5.2207
13 ธ.ค. 2559 5.0623 5.0838 5.2138
14 ธ.ค. 2559 5.0683 5.0944 5.2144
15 ธ.ค. 2559 5.0753 5.1011 5.2323
16 ธ.ค. 2559 5.0648 5.0898 5.2358
19 ธ.ค. 2559 5.0695 5.0934 5.2197
20 ธ.ค. 2559 5.0690 5.0954 5.2280
21 ธ.ค. 2559 5.0761 5.1044 5.2612
22 ธ.ค. 2559 5.1045 5.1308 5.2500
23 ธ.ค. 2559 5.1065 5.1302 5.2391
26 ธ.ค. 2559 5.1006 5.1248 5.2393
27 ธ.ค. 2559 5.0856 5.1104 5.2448
28 ธ.ค. 2559 5.1012 5.1263 5.2428
29 ธ.ค. 2559 5.0888 5.1151 5.2256
30 ธ.ค. 2559 5.0569 5.0831 5.2165
04 ม.ค. 2560 5.0700 5.0943 5.2345
05 ม.ค. 2560 5.1002 5.1285 5.2473
06 ม.ค. 2560 5.1234 5.1517 5.2636
09 ม.ค. 2560 5.1050 5.1321 5.2548
10 ม.ค. 2560 5.0764 5.1068 5.2312
11 ม.ค. 2560 5.0716 5.0963 5.2151
12 ม.ค. 2560 5.0413 5.0658 5.1926
13 ม.ค. 2560 5.0658 5.0932 5.2108
16 ม.ค. 2560 5.0707 5.0999 5.2247
17 ม.ค. 2560 5.0671 5.0961 5.2181
18 ม.ค. 2560 5.0835 5.1095 5.2265
19 ม.ค. 2560 5.0947 5.1207 5.2370
20 ม.ค. 2560 5.0669 5.0969 5.2245
23 ม.ค. 2560 5.0800 5.1106 5.2248
24 ม.ค. 2560 5.0725 5.1005 5.2208
25 ม.ค. 2560 5.0573 5.0895 5.2224
26 ม.ค. 2560 5.0604 5.0876 5.2035
27 ม.ค. 2560 5.0550 5.0839 5.2105
30 ม.ค. 2560 5.0547 5.0813 5.1994
31 ม.ค. 2560 5.0502 5.0748 5.1922
01 ก.พ. 2560 5.0518 5.0765 5.1882
02 ก.พ. 2560 5.0503 5.0756 5.1811
03 ก.พ. 2560 5.0398 5.0686 5.1892
06 ก.พ. 2560 5.0442 5.0714 5.1887
07 ก.พ. 2560 5.0401 5.0672 5.1891
08 ก.พ. 2560 5.0299 5.0579 5.1725
09 ก.พ. 2560 5.0281 5.0554 5.1713
10 ก.พ. 2560 5.0164 5.0485 5.1795
14 ก.พ. 2560 5.0164 5.0442 5.1652
15 ก.พ. 2560 5.0242 5.0493 5.1705
16 ก.พ. 2560 5.0283 5.0531 5.1705
17 ก.พ. 2560 5.0278 5.0530 5.1706
20 ก.พ. 2560 5.0170 5.0447 5.1713
21 ก.พ. 2560 5.0215 5.0474 5.1624
22 ก.พ. 2560 5.0169 5.0412 5.1566
23 ก.พ. 2560 5.0223 5.0454 5.1571
24 ก.พ. 2560 5.0194 5.0420 5.1617
27 ก.พ. 2560 5.0042 5.0283 5.1443
28 ก.พ. 2560 5.0008 5.0281 5.1493
01 มี.ค. 2560 5.0154 5.0397 5.1641
02 มี.ค. 2560 5.0048 5.0316 5.1646
03 มี.ค. 2560 5.0041 5.0285 5.1524
06 มี.ค. 2560 5.0026 5.0269 5.1480
07 มี.ค. 2560 5.0000 5.0267 5.1528
08 มี.ค. 2560 5.0146 5.0385 5.1587
09 มี.ค. 2560 5.0266 5.0520 5.1693
10 มี.ค. 2560 5.0392 5.0642 5.1853
13 มี.ค. 2560 5.0360 5.0611 5.1823
14 มี.ค. 2560 5.0364 5.0571 5.1762
15 มี.ค. 2560 5.0251 5.0513 5.1733
16 มี.ค. 2560 5.0010 5.0301 5.1619
17 มี.ค. 2560 4.9986 5.0238 5.1501
20 มี.ค. 2560 4.9542 4.9796 5.0959
21 มี.ค. 2560 4.9522 4.9772 5.0972
22 มี.ค. 2560 4.9635 4.9907 5.1095
23 มี.ค. 2560 4.9467 4.9756 5.0999
24 มี.ค. 2560 4.9552 4.9805 5.1022
27 มี.ค. 2560 4.9457 4.9682 5.0811
28 มี.ค. 2560 4.9345 4.9583 5.0716
29 มี.ค. 2560 4.9351 4.9608 5.0807
30 มี.ค. 2560 4.9333 4.9568 5.0750
31 มี.ค. 2560 4.9278 4.9508 5.0629
03 เม.ย. 2560 4.9190 4.9385 5.0486
04 เม.ย. 2560 4.9210 4.9457 5.0644
05 เม.ย. 2560 4.9372 4.9597 5.0720
07 เม.ย. 2560 4.9507 4.9706 5.0742
10 เม.ย. 2560 4.9436 4.9673 5.0792
11 เม.ย. 2560 4.9398 4.9626 5.0676
12 เม.ย. 2560 4.9324 4.9541 5.0698
17 เม.ย. 2560 4.9045 4.9302 5.0457
18 เม.ย. 2560 4.9144 4.9393 5.0646
19 เม.ย. 2560 4.9073 4.9336 5.0534
20 เม.ย. 2560 4.9106 4.9384 5.0614
21 เม.ย. 2560 4.9163 4.9441 5.0714
24 เม.ย. 2560 4.9106 4.9363 5.0582
25 เม.ย. 2560 4.9188 4.9412 5.0523
26 เม.ย. 2560 4.9241 4.9469 5.0561
27 เม.ย. 2560 4.9294 4.9521 5.0602
28 เม.ย. 2560 4.9462 4.9694 5.0753
02 พ.ค. 2560 4.9328 4.9579 5.0721
03 พ.ค. 2560 4.9255 4.9476 5.0605
04 พ.ค. 2560 4.9410 4.9647 5.0800
05 พ.ค. 2560 4.9401 4.9647 5.0839
08 พ.ค. 2560 4.9389 4.9655 5.0903
09 พ.ค. 2560 4.9365 4.9631 5.0853
11 พ.ค. 2560 4.9396 4.9674 5.1085
12 พ.ค. 2560 4.9486 4.9714 5.0912
15 พ.ค. 2560 4.9374 4.9619 5.0850
16 พ.ค. 2560 4.9238 4.9497 5.0658
17 พ.ค. 2560 4.9336 4.9569 5.0810
18 พ.ค. 2560 4.9294 4.9564 5.0789
19 พ.ค. 2560 4.9344 4.9593 5.0758
22 พ.ค. 2560 4.9165 4.9390 5.0545
23 พ.ค. 2560 4.9154 4.9403 5.0555
24 พ.ค. 2560 4.9279 4.9510 5.0777
25 พ.ค. 2560 4.8955 4.9246 5.0539
26 พ.ค. 2560 4.8955 4.9197 5.0355
29 พ.ค. 2560 4.9086 4.9331 5.0473
30 พ.ค. 2560 4.9128 4.9375 5.0517
31 พ.ค. 2560 4.9148 4.9399 5.0608
01 มิ.ย. 2560 4.9403 4.9700 5.1031
02 มิ.ย. 2560 4.9503 4.9753 5.0973
05 มิ.ย. 2560 4.9298 4.9553 5.0798
06 มิ.ย. 2560 4.9258 4.9532 5.0732
07 มิ.ย. 2560 4.9268 4.9552 5.0800
08 มิ.ย. 2560 4.9419 4.9683 5.0800
09 มิ.ย. 2560 4.9273 4.9543 5.0843
12 มิ.ย. 2560 4.9391 4.9625 5.0765
13 มิ.ย. 2560 4.9214 4.9484 5.0736
14 มิ.ย. 2560 4.9152 4.9380 5.0508
15 มิ.ย. 2560 4.9032 4.9310 5.0610
16 มิ.ย. 2560 4.9109 4.9344 5.0491
19 มิ.ย. 2560 4.9115 4.9331 5.0518
20 มิ.ย. 2560 4.9059 4.9268 5.0349
21 มิ.ย. 2560 4.9023 4.9290 5.0562
22 มิ.ย. 2560 4.8952 4.9203 5.0341
23 มิ.ย. 2560 4.8965 4.9185 5.0273
26 มิ.ย. 2560 4.8918 4.9139 5.0230
27 มิ.ย. 2560 4.8923 4.9158 5.0259
28 มิ.ย. 2560 4.9179 4.9411 5.0509
29 มิ.ย. 2560 4.9151 4.9413 5.0724
30 มิ.ย. 2560 4.9420 4.9641 5.0736
03 ก.ค. 2560 4.9259 4.9492 5.0758
04 ก.ค. 2560 4.9262 4.9493 5.0644
05 ก.ค. 2560 4.9177 4.9440 5.0680
06 ก.ค. 2560 4.9322 4.9543 5.0703
07 ก.ค. 2560 4.9351 4.9584 5.0750
11 ก.ค. 2560 4.9363 4.9611 5.0697
12 ก.ค. 2560 4.9330 4.9560 5.0691
13 ก.ค. 2560 4.9295 4.9516 5.0628
14 ก.ค. 2560 4.9240 4.9481 5.0624
17 ก.ค. 2560 4.9108 4.9322 5.0421
18 ก.ค. 2560 4.8935 4.9189 5.0356
19 ก.ค. 2560 4.9084 4.9317 5.0475
20 ก.ค. 2560 4.8984 4.9241 5.0370
21 ก.ค. 2560 4.8865 4.9097 5.0217
24 ก.ค. 2560 4.8747 4.8966 5.0144
25 ก.ค. 2560 4.8778 4.9029 5.0189
26 ก.ค. 2560 4.8887 4.9105 5.0193
27 ก.ค. 2560 4.8698 4.8940 5.0099
31 ก.ค. 2560 4.8705 4.8967 5.0181
01 ส.ค. 2560 4.8695 4.8959 5.0115
02 ส.ค. 2560 4.8724 4.8976 5.0188
03 ส.ค. 2560 4.8750 4.8976 5.0084
04 ส.ค. 2560 4.8732 4.8965 5.0088
07 ส.ค. 2560 4.8739 4.8955 5.0041
08 ส.ค. 2560 4.8798 4.9019 5.0122
09 ส.ค. 2560 4.8851 4.9110 5.0277
10 ส.ค. 2560 4.9078 4.9312 5.0402
11 ส.ค. 2560 4.9144 4.9349 5.0497
15 ส.ค. 2560 4.9026 4.9260 5.0407
16 ส.ค. 2560 4.9037 4.9260 5.0313
17 ส.ค. 2560 4.9025 4.9274 5.0484
18 ส.ค. 2560 4.8938 4.9207 5.0504
21 ส.ค. 2560 4.8986 4.9239 5.0388
22 ส.ค. 2560 4.9146 4.9390 5.0525
23 ส.ค. 2560 4.9180 4.9405 5.0523
24 ส.ค. 2560 4.9336 4.9563 5.0654
25 ส.ค. 2560 4.9288 4.9529 5.0650
28 ส.ค. 2560 4.9280 4.9517 5.0635
29 ส.ค. 2560 4.9399 4.9669 5.0817
30 ส.ค. 2560 4.9629 4.9847 5.0925
31 ส.ค. 2560 4.9595 4.9818 5.0931
01 ก.ย. 2560 4.9605 4.9841 5.1008
04 ก.ย. 2560 4.9767 5.0054 5.1284
05 ก.ย. 2560 4.9980 5.0206 5.1336
06 ก.ย. 2560 4.9794 5.0040 5.1263
07 ก.ย. 2560 4.9995 5.0221 5.1315
08 ก.ย. 2560 5.0332 5.0563 5.1658
11 ก.ย. 2560 5.0056 5.0332 5.1642
12 ก.ย. 2560 4.9841 5.0094 5.1289
13 ก.ย. 2560 4.9855 5.0114 5.1262
14 ก.ย. 2560 4.9811 5.0038 5.1180
15 ก.ย. 2560 4.9729 4.9956 5.1049
18 ก.ย. 2560 4.9711 4.9960 5.1075
19 ก.ย. 2560 4.9500 4.9719 5.0819
20 ก.ย. 2560 4.9518 4.9744 5.0854
21 ก.ย. 2560 4.9525 4.9750 5.0870
22 ก.ย. 2560 4.9484 4.9725 5.0898
25 ก.ย. 2560 4.9386 4.9619 5.0717
26 ก.ย. 2560 4.9225 4.9484 5.0710
27 ก.ย. 2560 4.9294 4.9556 5.0691
28 ก.ย. 2560 4.9293 4.9557 5.0821
29 ก.ย. 2560 4.9273 4.9497 5.0659
02 ต.ค. 2560 4.9310 4.9563 5.0714
03 ต.ค. 2560 4.9307 4.9584 5.0899
04 ต.ค. 2560 4.9397 4.9610 5.0682
05 ต.ค. 2560 4.9355 4.9597 5.0772
06 ต.ค. 2560 4.9436 4.9668 5.0817
09 ต.ค. 2560 4.9472 4.9715 5.0873
10 ต.ค. 2560 4.9661 4.9916 5.1106
11 ต.ค. 2560 4.9702 4.9938 5.1088
12 ต.ค. 2560 4.9522 4.9766 5.0915
16 ต.ค. 2560 4.9453 4.9709 5.0915
17 ต.ค. 2560 4.9370 4.9588 5.0746
18 ต.ค. 2560 4.9222 4.9474 5.0649
19 ต.ค. 2560 4.9203 4.9423 5.0623
20 ต.ค. 2560 4.9290 4.9535 5.0662
24 ต.ค. 2560 4.9225 4.9447 5.0570
25 ต.ค. 2560 4.9243 4.9484 5.0607
27 ต.ค. 2560 4.9240 4.9482 5.0632
30 ต.ค. 2560 4.9200 4.9445 5.0591
31 ต.ค. 2560 4.9261 4.9510 5.0653
01 พ.ย. 2560 4.9266 4.9503 5.0668
02 พ.ย. 2560 4.9408 4.9638 5.0744
03 พ.ย. 2560 4.9263 4.9502 5.0655
06 พ.ย. 2560 4.9211 4.9444 5.0577
07 พ.ย. 2560 4.9209 4.9437 5.0600
08 พ.ย. 2560 4.9160 4.9379 5.0485
09 พ.ย. 2560 4.9134 4.9370 5.0549
10 พ.ย. 2560 4.9058 4.9280 5.0427
13 พ.ย. 2560 4.8990 4.9229 5.0369
14 พ.ย. 2560 4.9039 4.9258 5.0337
15 พ.ย. 2560 4.9035 4.9277 5.0385
16 พ.ย. 2560 4.9006 4.9241 5.0348
17 พ.ย. 2560 4.8862 4.9082 5.0151
20 พ.ย. 2560 4.8621 4.8866 5.0056
21 พ.ย. 2560 4.8689 4.8912 5.0003
22 พ.ย. 2560 4.8705 4.8921 4.9990
23 พ.ย. 2560 4.8811 4.9031 5.0178
24 พ.ย. 2560 4.8879 4.9113 5.0197
27 พ.ย. 2560 4.8759 4.8994 5.0111
28 พ.ย. 2560 4.8560 4.8825 5.0084
29 พ.ย. 2560 4.8573 4.8805 4.9935
30 พ.ย. 2560 4.8531 4.8781 4.9982
01 ธ.ค. 2560 4.8563 4.8815 5.0086
04 ธ.ค. 2560 4.8581 4.8809 4.9964
06 ธ.ค. 2560 4.8507 4.8753 4.9842
07 ธ.ค. 2560 4.8537 4.8773 4.9903
08 ธ.ค. 2560 4.8537 4.8775 4.9842
12 ธ.ค. 2560 4.8324 4.8612 4.9894
13 ธ.ค. 2560 4.8418 4.8658 4.9835
14 ธ.ค. 2560 4.8262 4.8556 4.9870
15 ธ.ค. 2560 4.8424 4.8648 4.9909
18 ธ.ค. 2560 4.8383 4.8654 4.9846
19 ธ.ค. 2560 4.8666 4.8940 5.0242
20 ธ.ค. 2560 4.8794 4.9031 5.0355
21 ธ.ค. 2560 4.9055 4.9280 5.0427
22 ธ.ค. 2560 4.8974 4.9219 5.0306
25 ธ.ค. 2560 4.9177 4.9379 5.0413
26 ธ.ค. 2560 4.9288 4.9511 5.0736
27 ธ.ค. 2560 4.9284 4.9514 5.0735
28 ธ.ค. 2560 4.9078 4.9347 5.0634
29 ธ.ค. 2560 4.9247 4.9518 5.0771
03 ม.ค. 2561 4.9096 4.9340 5.0518
04 ม.ค. 2561 4.8867 4.9110 5.0289
05 ม.ค. 2561 4.8793 4.9067 5.0358
08 ม.ค. 2561 4.8755 4.9006 5.0321
09 ม.ค. 2561 4.8749 4.9000 5.0204
10 ม.ค. 2561 4.8578 4.8789 4.9984
11 ม.ค. 2561 4.8424 4.8669 4.9818
12 ม.ค. 2561 4.8323 4.8595 4.9974
15 ม.ค. 2561 4.8732 4.8959 5.0194
16 ม.ค. 2561 4.8849 4.9069 5.0244
17 ม.ค. 2561 4.8831 4.9075 5.0242
18 ม.ค. 2561 4.8869 4.9092 5.0226
19 ม.ค. 2561 4.8940 4.9176 5.0364
22 ม.ค. 2561 4.8972 4.9217 5.0442
23 ม.ค. 2561 4.8902 4.9160 5.0348
24 ม.ค. 2561 4.8791 4.9051 5.0222
25 ม.ค. 2561 4.8721 4.8970 5.0236
26 ม.ค. 2561 4.8722 4.8993 5.0264
29 ม.ค. 2561 4.8759 4.9001 5.0154
30 ม.ค. 2561 4.8817 4.9078 5.0234
31 ม.ค. 2561 4.8773 4.9033 5.0246
01 ก.พ. 2561 4.8967 4.9225 5.0475
02 ก.พ. 2561 4.9031 4.9262 5.0415
05 ก.พ. 2561 4.9109 4.9354 5.0582
06 ก.พ. 2561 4.9405 4.9644 5.0820
07 ก.พ. 2561 4.9380 4.9606 5.0872
08 ก.พ. 2561 4.9357 4.9643 5.0961
09 ก.พ. 2561 4.9498 4.9715 5.0790
12 ก.พ. 2561 4.9271 4.9546 5.0914
13 ก.พ. 2561 4.8878 4.9183 5.0548
14 ก.พ. 2561 4.8755 4.8995 5.0179
15 ก.พ. 2561 4.8556 4.8842 5.0128
16 ก.พ. 2561 4.8690 4.8934 5.0153
19 ก.พ. 2561 4.8660 4.8916 5.0230
20 ก.พ. 2561 4.8821 4.9064 5.0256
21 ก.พ. 2561 4.8904 4.9114 5.0371
22 ก.พ. 2561 4.9000 4.9237 5.0430
23 ก.พ. 2561 4.8801 4.9076 5.0230
26 ก.พ. 2561 4.8885 4.9111 5.0212
27 ก.พ. 2561 4.8797 4.9056 5.0232
28 ก.พ. 2561 4.8849 4.9126 5.0391
02 มี.ค. 2561 4.8726 4.8981 5.0140
05 มี.ค. 2561 4.8636 4.8925 5.0253
06 มี.ค. 2561 4.8700 4.8941 5.0066
07 มี.ค. 2561 4.8768 4.9012 5.0140
08 มี.ค. 2561 4.8684 4.8921 5.0133
09 มี.ค. 2561 4.8659 4.8894 4.9986
12 มี.ค. 2561 4.8588 4.8874 5.0120
13 มี.ค. 2561 4.8527 4.8811 5.0061
14 มี.ค. 2561 4.8511 4.8751 5.0074
15 มี.ค. 2561 4.8437 4.8733 5.0059
16 มี.ค. 2561 4.8515 4.8766 4.9993
19 มี.ค. 2561 4.8432 4.8706 5.0022
20 มี.ค. 2561 4.8423 4.8693 4.9998
21 มี.ค. 2561 4.8479 4.8714 4.9952
22 มี.ค. 2561 4.8442 4.8719 5.0065
23 มี.ค. 2561 4.8467 4.8750 5.0108
26 มี.ค. 2561 4.8471 4.8755 5.0153
27 มี.ค. 2561 4.8952 4.9168 5.0386
28 มี.ค. 2561 4.8877 4.9138 5.0465
29 มี.ค. 2561 4.8845 4.9091 5.0378
30 มี.ค. 2561 4.8921 4.9177 5.0388
02 เม.ย. 2561 4.8804 4.9086 5.0421
03 เม.ย. 2561 4.8898 4.9136 5.0311
04 เม.ย. 2561 4.8784 4.9027 5.0267
05 เม.ย. 2561 4.8626 4.8930 5.0243
09 เม.ย. 2561 4.8729 4.8986 5.0230
10 เม.ย. 2561 4.8657 4.8949 5.0250
11 เม.ย. 2561 4.8858 4.9104 5.0264
12 เม.ย. 2561 4.8797 4.9045 5.0346
17 เม.ย. 2561 4.8739 4.9036 5.0375
18 เม.ย. 2561 4.8825 4.9093 5.0399
19 เม.ย. 2561 4.9005 4.9227 5.0410
20 เม.ย. 2561 4.8861 4.9138 5.0502
23 เม.ย. 2561 4.9032 4.9299 5.0577
24 เม.ย. 2561 4.8953 4.9251 5.0628
25 เม.ย. 2561 4.9045 4.9315 5.0643
26 เม.ย. 2561 4.9027 4.9307 5.0639
27 เม.ย. 2561 4.8978 4.9282 5.0641
30 เม.ย. 2561 4.8858 4.9144 5.0559
02 พ.ค. 2561 4.9091 4.9353 5.0605
03 พ.ค. 2561 4.8925 4.9203 5.0588
04 พ.ค. 2561 4.8977 4.9247 5.0477
07 พ.ค. 2561 4.9007 4.9312 5.0738
08 พ.ค. 2561 4.9250 4.9503 5.0689
09 พ.ค. 2561 4.9478 4.9741 5.0933
10 พ.ค. 2561 4.9690 4.9928 5.1116
11 พ.ค. 2561 4.9554 4.9798 5.0983
14 พ.ค. 2561 4.9287 4.9574 5.0976
15 พ.ค. 2561 4.9445 4.9704 5.0913
16 พ.ค. 2561 4.9532 4.9787 5.1042
17 พ.ค. 2561 4.9525 4.9762 5.1008
18 พ.ค. 2561 4.9495 4.9789 5.1138
21 พ.ค. 2561 4.9556 4.9847 5.1197
22 พ.ค. 2561 4.9459 4.9747 5.1126
23 พ.ค. 2561 4.9483 4.9738 5.0992
24 พ.ค. 2561 4.9391 4.9661 5.0946
25 พ.ค. 2561 4.9297 4.9560 5.0802
28 พ.ค. 2561 4.9013 4.9299 5.0640
30 พ.ค. 2561 4.9135 4.9392 5.0623
31 พ.ค. 2561 4.9099 4.9360 5.0624
01 มิ.ย. 2561 4.9132 4.9390 5.0655
04 มิ.ย. 2561 4.9038 4.9298 5.0568
05 มิ.ย. 2561 4.8993 4.9286 5.0554
06 มิ.ย. 2561 4.9007 4.9277 5.0552
07 มิ.ย. 2561 4.9095 4.9350 5.0562
08 มิ.ย. 2561 4.9137 4.9421 5.0717
11 มิ.ย. 2561 4.9092 4.9366 5.0722
12 มิ.ย. 2561 4.9155 4.9431 5.0804
13 มิ.ย. 2561 4.9233 4.9518 5.0882
14 มิ.ย. 2561 4.9345 4.9628 5.1087
15 มิ.ย. 2561 4.9623 4.9864 5.1130
18 มิ.ย. 2561 4.9837 5.0111 5.1321
19 มิ.ย. 2561 4.9700 5.0022 5.1313
20 มิ.ย. 2561 4.9673 4.9918 5.1161
21 มิ.ย. 2561 4.9796 5.0057 5.1352
22 มิ.ย. 2561 4.9807 5.0051 5.1183
25 มิ.ย. 2561 4.9623 4.9905 5.1215
26 มิ.ย. 2561 4.9435 4.9707 5.0937
27 มิ.ย. 2561 4.9233 4.9492 5.0628
28 มิ.ย. 2561 4.9139 4.9382 5.0522
29 มิ.ย. 2561 4.9187 4.9437 5.0590
02 ก.ค. 2561 4.9022 4.9282 5.0438
03 ก.ค. 2561 4.8724 4.8993 5.0292
04 ก.ค. 2561 4.9073 4.9322 5.0500
05 ก.ค. 2561 4.9096 4.9385 5.0647
06 ก.ค. 2561 4.9063 4.9321 5.0476
09 ก.ค. 2561 4.9005 4.9276 5.0517
10 ก.ค. 2561 4.9125 4.9428 5.0688
11 ก.ค. 2561 4.9118 4.9352 5.0490
12 ก.ค. 2561 4.8894 4.9145 5.0337
13 ก.ค. 2561 4.8984 4.9240 5.0361
16 ก.ค. 2561 4.8775 4.9070 5.0348
17 ก.ค. 2561 4.8813 4.9077 5.0368
18 ก.ค. 2561 4.8827 4.9063 5.0217
19 ก.ค. 2561 4.8597 4.8867 5.0117
20 ก.ค. 2561 4.8461 4.8691 4.9808
23 ก.ค. 2561 4.8350 4.8628 4.9902
24 ก.ค. 2561 4.8209 4.8472 4.9733
25 ก.ค. 2561 4.8224 4.8477 4.9651
26 ก.ค. 2561 4.8246 4.8512 4.9691
31 ก.ค. 2561 4.7909 4.8196 4.9455
01 ส.ค. 2561 4.7890 4.8133 4.9259
02 ส.ค. 2561 4.7751 4.8020 4.9304
03 ส.ค. 2561 4.7683 4.7933 4.9188
06 ส.ค. 2561 4.7728 4.8012 4.9266
07 ส.ค. 2561 4.7740 4.8006 4.9250
08 ส.ค. 2561 4.7810 4.8082 4.9273
09 ส.ค. 2561 4.7666 4.7950 4.9258
10 ส.ค. 2561 4.7775 4.8020 4.9228
14 ส.ค. 2561 4.7530 4.7796 4.8974
15 ส.ค. 2561 4.7437 4.7708 4.8919
16 ส.ค. 2561 4.7243 4.7538 4.8794
17 ส.ค. 2561 4.7453 4.7712 4.8865
20 ส.ค. 2561 4.7452 4.7739 4.9021
21 ส.ค. 2561 4.7039 4.7343 4.8664
22 ส.ค. 2561 4.7009 4.7259 4.8429
23 ส.ค. 2561 4.6922 4.7203 4.8489
24 ส.ค. 2561 4.6833 4.7118 4.8357
27 ส.ค. 2561 4.6900 4.7200 4.8557
28 ส.ค. 2561 4.6968 4.7235 4.8377
29 ส.ค. 2561 4.7154 4.7414 4.8545
30 ส.ค. 2561 4.6974 4.7280 4.8581
31 ส.ค. 2561 4.7040 4.7295 4.8434
03 ก.ย. 2561 4.6954 4.7245 4.8600
04 ก.ย. 2561 4.7037 4.7318 4.8630
05 ก.ย. 2561 4.7045 4.7335 4.8559
06 ก.ย. 2561 4.7078 4.7349 4.8515
07 ก.ย. 2561 4.7135 4.7389 4.8541
10 ก.ย. 2561 4.7015 4.7303 4.8510
11 ก.ย. 2561 4.6969 4.7233 4.8452
12 ก.ย. 2561 4.6886 4.7149 4.8391
13 ก.ย. 2561 4.6754 4.7032 4.8226
14 ก.ย. 2561 4.6701 4.6985 4.8211
17 ก.ย. 2561 4.6640 4.6930 4.8196
18 ก.ย. 2561 4.6667 4.6912 4.8042
19 ก.ย. 2561 4.6611 4.6879 4.8058
20 ก.ย. 2561 4.6324 4.6628 4.7899
21 ก.ย. 2561 4.6432 4.6711 4.8001
24 ก.ย. 2561 4.6572 4.6790 4.7897
25 ก.ย. 2561 4.6449 4.6708 4.7933
26 ก.ย. 2561 4.6402 4.6651 4.7802
27 ก.ย. 2561 4.6373 4.6628 4.7732
28 ก.ย. 2561 4.6164 4.6455 4.7692
01 ต.ค. 2561 4.6011 4.6304 4.7559
02 ต.ค. 2561 4.6111 4.6401 4.7578
03 ต.ค. 2561 4.6206 4.6475 4.7603
04 ต.ค. 2561 4.6454 4.6747 4.7978
05 ต.ค. 2561 4.6696 4.6982 4.8215
08 ต.ค. 2561 4.6761 4.7065 4.8292
09 ต.ค. 2561 4.6619 4.6913 4.8134
10 ต.ค. 2561 4.6663 4.6936 4.8101
11 ต.ค. 2561 4.6629 4.6841 4.8058
12 ต.ค. 2561 4.6551 4.6800 4.7974
16 ต.ค. 2561 4.6269 4.6568 4.7811
17 ต.ค. 2561 4.6230 4.6490 4.7612
18 ต.ค. 2561 4.6203 4.6447 4.7560
19 ต.ค. 2561 4.6208 4.6453 4.7582
22 ต.ค. 2561 4.6173 4.6445 4.7621
24 ต.ค. 2561 4.6326 4.6624 4.7894
25 ต.ค. 2561 4.6471 4.6769 4.8028
26 ต.ค. 2561 4.6471 4.6774 4.8072
29 ต.ค. 2561 4.6730 4.7017 4.8213
30 ต.ค. 2561 4.6813 4.7126 4.8379
31 ต.ค. 2561 4.6804 4.7103 4.8417
01 พ.ย. 2561 4.6555 4.6849 4.7945
02 พ.ย. 2561 4.6711 4.6992 4.8192
05 พ.ย. 2561 4.6762 4.7038 4.8206
06 พ.ย. 2561 4.6706 4.7008 4.8222
07 พ.ย. 2561 4.6644 4.6917 4.8092
08 พ.ย. 2561 4.6572 4.6826 4.8008
09 พ.ย. 2561 4.6672 4.6961 4.8182
12 พ.ย. 2561 4.6672 4.6969 4.8203
13 พ.ย. 2561 4.6531 4.6841 4.8097
14 พ.ย. 2561 4.6521 4.6785 4.7949
15 พ.ย. 2561 4.6541 4.6819 4.7976
16 พ.ย. 2561 4.6702 4.6969 4.8183
19 พ.ย. 2561 4.6614 4.6892 4.8024
20 พ.ย. 2561 4.6551 4.6862 4.8105
21 พ.ย. 2561 4.6658 4.6926 4.8159
22 พ.ย. 2561 4.6569 4.6894 4.8209
23 พ.ย. 2561 4.6677 4.6967 4.8257
26 พ.ย. 2561 4.6694 4.6981 4.8218
27 พ.ย. 2561 4.6710 4.6971 4.8178
28 พ.ย. 2561 4.6665 4.6942 4.8123
29 พ.ย. 2561 4.6547 4.6819 4.7897
30 พ.ย. 2561 4.6547 4.6840 4.7976
03 ธ.ค. 2561 4.6441 4.6764 4.7980
04 ธ.ค. 2561 4.6766 4.7066 4.8274
06 ธ.ค. 2561 4.6861 4.7139 4.8302
07 ธ.ค. 2561 4.6847 4.7118 4.8254
11 ธ.ค. 2561 4.6582 4.6883 4.8150
12 ธ.ค. 2561 4.6619 4.6930 4.8150
13 ธ.ค. 2561 4.6659 4.6962 4.8176
14 ธ.ค. 2561 4.6670 4.6954 4.8135
17 ธ.ค. 2561 4.6611 4.6912 4.8090
18 ธ.ค. 2561 4.6571 4.6881 4.8077
19 ธ.ค. 2561 4.6547 4.6845 4.7978
20 ธ.ค. 2561 4.6509 4.6813 4.8049
21 ธ.ค. 2561 4.6486 4.6786 4.7906
24 ธ.ค. 2561 4.6293 4.6616 4.7850
25 ธ.ค. 2561 4.6314 4.6607 4.7853
26 ธ.ค. 2561 4.6430 4.6690 4.7854
27 ธ.ค. 2561 4.6376 4.6669 4.7864
28 ธ.ค. 2561 4.6332 4.6636 4.7838
02 ม.ค. 2562 4.6240 4.6539 4.7715
03 ม.ค. 2562 4.5859 4.6192 4.7467
04 ม.ค. 2562 4.5800 4.6073 4.7236
07 ม.ค. 2562 4.5674 4.5977 4.7219
08 ม.ค. 2562 4.5773 4.6099 4.7283
09 ม.ค. 2562 4.5898 4.6202 4.7312
10 ม.ค. 2562 4.5941 4.6264 4.7518
11 ม.ค. 2562 4.6273 4.6553 4.7704
14 ม.ค. 2562 4.6333 4.6628 4.7861
15 ม.ค. 2562 4.6246 4.6550 4.7800
16 ม.ค. 2562 4.6143 4.6444 4.7555
17 ม.ค. 2562 4.5859 4.6170 4.7353
18 ม.ค. 2562 4.5848 4.6146 4.7289
21 ม.ค. 2562 4.5856 4.6165 4.7280
22 ม.ค. 2562 4.5851 4.6161 4.7263
23 ม.ค. 2562 4.5790 4.6072 4.7203
24 ม.ค. 2562 4.5798 4.6094 4.7231
25 ม.ค. 2562 4.5828 4.6130 4.7257
28 ม.ค. 2562 4.5749 4.6072 4.7307
29 ม.ค. 2562 4.5815 4.6148 4.7323
30 ม.ค. 2562 4.5801 4.6134 4.7369
31 ม.ค. 2562 4.5604 4.5932 4.7184
01 ก.พ. 2562 4.5697 4.6003 4.7128
04 ก.พ. 2562 4.5448 4.5770 4.6948
05 ก.พ. 2562 4.5406 4.5715 4.6939
06 ก.พ. 2562 4.5374 4.5680 4.6848
07 ก.พ. 2562 4.5400 4.5680 4.6729
08 ก.พ. 2562 4.5428 4.5731 4.6945
11 ก.พ. 2562 4.5450 4.5767 4.6987
12 ก.พ. 2562 4.5323 4.5622 4.6742
13 ก.พ. 2562 4.5322 4.5606 4.6768
14 ก.พ. 2562 4.5522 4.5801 4.6904
15 ก.พ. 2562 4.5290 4.5600 4.6729
18 ก.พ. 2562 4.5265 4.5562 4.6728
20 ก.พ. 2562 4.5282 4.5593 4.6686
21 ก.พ. 2562 4.5522 4.5810 4.6937
22 ก.พ. 2562 4.5612 4.5913 4.6984
25 ก.พ. 2562 4.5879 4.6166 4.7297
26 ก.พ. 2562 4.5782 4.6114 4.7278
27 ก.พ. 2562 4.5987 4.6322 4.7419
28 ก.พ. 2562 4.6162 4.6479 4.7670
01 มี.ค. 2562 4.6333 4.6628 4.7741
04 มี.ค. 2562 4.6501 4.6809 4.8044
05 มี.ค. 2562 4.6617 4.6940 4.8114
06 มี.ค. 2562 4.6528 4.6834 4.7928
07 มี.ค. 2562 4.6607 4.6903 4.8000
08 มี.ค. 2562 4.6437 4.6726 4.7877
11 มี.ค. 2562 4.6197 4.6506 4.7774
12 มี.ค. 2562 4.6195 4.6517 4.7678
13 มี.ค. 2562 4.6303 4.6579 4.7724
14 มี.ค. 2562 4.6223 4.6555 4.7760
15 มี.ค. 2562 4.6374 4.6650 4.7741
18 มี.ค. 2562 4.6270 4.6564 4.7728
19 มี.ค. 2562 4.6204 4.6521 4.7746
20 มี.ค. 2562 4.6326 4.6644 4.7749
21 มี.ค. 2562 4.6408 4.6728 4.7918
22 มี.ค. 2562 4.6516 4.6790 4.7831
25 มี.ค. 2562 4.6116 4.6401 4.7609
26 มี.ค. 2562 4.6089 4.6420 4.7624
27 มี.ค. 2562 4.6295 4.6601 4.7741
28 มี.ค. 2562 4.6448 4.6758 4.7847
29 มี.ค. 2562 4.6374 4.6662 4.7778
01 เม.ย. 2562 4.6269 4.6622 4.7786
02 เม.ย. 2562 4.6281 4.6621 4.7772
03 เม.ย. 2562 4.6322 4.6654 4.7842
04 เม.ย. 2562 4.6442 4.6723 4.7840
05 เม.ย. 2562 4.6535 4.6852 4.7944
09 เม.ย. 2562 4.6570 4.6855 4.7973
10 เม.ย. 2562 4.6435 4.6755 4.7927
11 เม.ย. 2562 4.6370 4.6685 4.7894
12 เม.ย. 2562 4.6397 4.6723 4.7909
17 เม.ย. 2562 4.6565 4.6848 4.7989
18 เม.ย. 2562 4.6664 4.6954 4.8094
19 เม.ย. 2562 4.6592 4.6868 4.7966
22 เม.ย. 2562 4.6561 4.6894 4.8070
23 เม.ย. 2562 4.6614 4.6905 4.8071
24 เม.ย. 2562 4.6707 4.7000 4.8117
25 เม.ย. 2562 4.6689 4.7016 4.8218
26 เม.ย. 2562 4.6593 4.6885 4.8085
29 เม.ย. 2562 4.6525 4.6806 4.7897
30 เม.ย. 2562 4.6525 4.6804 4.7949
02 พ.ค. 2562 4.6583 4.6877 4.7979
03 พ.ค. 2562 4.6602 4.6925 4.8099
07 พ.ค. 2562 4.6144 4.6471 4.7682
08 พ.ค. 2562 4.6076 4.6371 4.7499
09 พ.ค. 2562 4.5886 4.6163 4.7273
10 พ.ค. 2562 4.5535 4.5826 4.6983
13 พ.ค. 2562 4.5279 4.5557 4.6661
14 พ.ค. 2562 4.4920 4.5244 4.6423
15 พ.ค. 2562 4.4930 4.5232 4.6342
16 พ.ค. 2562 4.4863 4.5185 4.6361
17 พ.ค. 2562 4.4950 4.5273 4.6439
21 พ.ค. 2562 4.5098 4.5434 4.6649
22 พ.ค. 2562 4.5382 4.5663 4.6747
23 พ.ค. 2562 4.5271 4.5575 4.6764
24 พ.ค. 2562 4.5245 4.5526 4.6626
27 พ.ค. 2562 4.5113 4.5436 4.6661
28 พ.ค. 2562 4.5150 4.5459 4.6569
29 พ.ค. 2562 4.5144 4.5435 4.6585
30 พ.ค. 2562 4.5115 4.5402 4.6466
31 พ.ค. 2562 4.5026 4.5340 4.6461
04 มิ.ย. 2562 4.4446 4.4767 4.5936
05 มิ.ย. 2562 4.4522 4.4813 4.5906
06 มิ.ย. 2562 4.4440 4.4764 4.5960
07 มิ.ย. 2562 4.4387 4.4707 4.5818
10 มิ.ย. 2562 4.4304 4.4609 4.5780
11 มิ.ย. 2562 4.4343 4.4647 4.5793
12 มิ.ย. 2562 4.4313 4.4605 4.5717
13 มิ.ย. 2562 4.4202 4.4489 4.5717
14 มิ.ย. 2562 4.4129 4.4439 4.5620
17 มิ.ย. 2562 4.4179 4.4501 4.5715
18 มิ.ย. 2562 4.4356 4.4657 4.5783
19 มิ.ย. 2562 4.4395 4.4695 4.5812
20 มิ.ย. 2562 4.4201 4.4504 4.5714
21 มิ.ย. 2562 4.4112 4.4405 4.5569
24 มิ.ย. 2562 4.4001 4.4274 4.5310
25 มิ.ย. 2562 4.3668 4.4005 4.5203
26 มิ.ย. 2562 4.3884 4.4179 4.5298
27 มิ.ย. 2562 4.3814 4.4125 4.5240
28 มิ.ย. 2562 4.3881 4.4187 4.5251
01 ก.ค. 2562 4.3790 4.4104 4.5266
02 ก.ค. 2562 4.3820 4.4153 4.5352
03 ก.ค. 2562 4.3560 4.3843 4.4994
04 ก.ค. 2562 4.3569 4.3892 4.5065
05 ก.ค. 2562 4.3744 4.4049 4.5154
08 ก.ค. 2562 4.3721 4.4054 4.5221
09 ก.ค. 2562 4.3848 4.4166 4.5348
10 ก.ค. 2562 4.3856 4.4178 4.5316
11 ก.ค. 2562 4.3699 4.4003 4.5106
12 ก.ค. 2562 4.3886 4.4198 4.5342
15 ก.ค. 2562 4.3980 4.4310 4.5538
17 ก.ค. 2562 4.4049 4.4336 4.5466
18 ก.ค. 2562 4.3969 4.4291 4.5477
19 ก.ค. 2562 4.3895 4.4184 4.5272
22 ก.ค. 2562 4.3928 4.4240 4.5428
23 ก.ค. 2562 4.4011 4.4307 4.5404
24 ก.ค. 2562 4.3967 4.4299 4.5475
25 ก.ค. 2562 4.4090 4.4388 4.5514
26 ก.ค. 2562 4.4199 4.4497 4.5577
30 ก.ค. 2562 4.3892 4.4173 4.5309
31 ก.ค. 2562 4.3888 4.4162 4.5270
01 ส.ค. 2562 4.3797 4.4129 4.5327
02 ส.ค. 2562 4.3615 4.3894 4.5052
05 ส.ค. 2562 4.3025 4.3294 4.4575
06 ส.ค. 2562 4.2646 4.2963 4.4231
07 ส.ค. 2562 4.2820 4.3052 4.4115
08 ส.ค. 2562 4.2669 4.2976 4.4168
09 ส.ค. 2562 4.2740 4.2991 4.4003
13 ส.ค. 2562 4.2613 4.2923 4.4114
14 ส.ค. 2562 4.2968 4.3246 4.4352
15 ส.ค. 2562 4.2917 4.3234 4.4466
16 ส.ค. 2562 4.2901 4.3229 4.4450
19 ส.ค. 2562 4.2884 4.3208 4.4375
20 ส.ค. 2562 4.2776 4.3073 4.4234
21 ส.ค. 2562 4.2812 4.3069 4.4145
22 ส.ค. 2562 4.2638 4.2948 4.4110
23 ส.ค. 2562 4.2564 4.2856 4.3918
26 ส.ค. 2562 4.1970 4.2268 4.3519
27 ส.ค. 2562 4.1867 4.2136 4.3252
28 ส.ค. 2562 4.1980 4.2252 4.3320
29 ส.ค. 2562 4.1851 4.2141 4.3279
30 ส.ค. 2562 4.2042 4.2316 4.3396
02 ก.ย. 2562 4.1926 4.2203 4.3316
03 ก.ย. 2562 4.1902 4.2140 4.3223
04 ก.ย. 2562 4.1859 4.2133 4.3218
05 ก.ย. 2562 4.2008 4.2272 4.3357
06 ก.ย. 2562 4.2088 4.2355 4.3453
09 ก.ย. 2562 4.2245 4.2510 4.3587
10 ก.ย. 2562 4.2275 4.2536 4.3637
11 ก.ย. 2562 4.2234 4.2497 4.3590
12 ก.ย. 2562 4.2206 4.2474 4.3533
13 ก.ย. 2562 4.2125 4.2449 4.3652
16 ก.ย. 2562 4.2212 4.2540 4.3765
17 ก.ย. 2562 4.2289 4.2602 4.3787
18 ก.ย. 2562 4.2256 4.2532 4.3618
19 ก.ย. 2562 4.2198 4.2508 4.3679
20 ก.ย. 2562 4.2229 4.2488 4.3535
23 ก.ย. 2562 4.2095 4.2362 4.3404
24 ก.ย. 2562 4.1926 4.2246 4.3457
25 ก.ย. 2562 4.2088 4.2380 4.3535
26 ก.ย. 2562 4.2073 4.2355 4.3495
27 ก.ย. 2562 4.2057 4.2363 4.3587
30 ก.ย. 2562 4.1971 4.2312 4.3551
01 ต.ค. 2562 4.1883 4.2212 4.3417
02 ต.ค. 2562 4.1985 4.2277 4.3419
03 ต.ค. 2562 4.1933 4.2240 4.3429
04 ต.ค. 2562 4.1871 4.2159 4.3303
07 ต.ค. 2562 4.1741 4.2049 4.3223
08 ต.ค. 2562 4.1799 4.2125 4.3309
09 ต.ค. 2562 4.1596 4.1888 4.3047
10 ต.ค. 2562 4.1671 4.1959 4.3143
11 ต.ค. 2562 4.1896 4.2233 4.3392
15 ต.ค. 2562 4.2083 4.2406 4.3562
16 ต.ค. 2562 4.2006 4.2293 4.3452
17 ต.ค. 2562 4.1873 4.2185 4.3344
18 ต.ค. 2562 4.1889 4.2203 4.3394
21 ต.ค. 2562 4.1968 4.2245 4.3369
22 ต.ค. 2562 4.1897 4.2207 4.3426
24 ต.ค. 2562 4.1976 4.2291 4.3430
25 ต.ค. 2562 4.1889 4.2199 4.3350
28 ต.ค. 2562 4.1907 4.2209 4.3375
29 ต.ค. 2562 4.1900 4.2210 4.3398
30 ต.ค. 2562 4.1880 4.2195 4.3344
31 ต.ค. 2562 4.1970 4.2279 4.3399
01 พ.ย. 2562 4.1991 4.2265 4.3359
04 พ.ย. 2562 4.2001 4.2306 4.3442
05 พ.ย. 2562 4.2093 4.2410 4.3573
06 พ.ย. 2562 4.2304 4.2612 4.3784
07 พ.ย. 2562 4.2336 4.2660 4.3822
08 พ.ย. 2562 4.2650 4.2978 4.4153
11 พ.ย. 2562 4.2487 4.2799 4.3990
12 พ.ย. 2562 4.2400 4.2689 4.3907
13 พ.ย. 2562 4.2282 4.2584 4.3786
14 พ.ย. 2562 4.2127 4.2445 4.3658
15 พ.ย. 2562 4.2218 4.2516 4.3623
18 พ.ย. 2562 4.2251 4.2549 4.3724
19 พ.ย. 2562 4.2077 4.2385 4.3517
20 พ.ย. 2562 4.2036 4.2345 4.3515
21 พ.ย. 2562 4.1962 4.2277 4.3445
22 พ.ย. 2562 4.2065 4.2381 4.3506
25 พ.ย. 2562 4.2016 4.2334 4.3549
26 พ.ย. 2562 4.2084 4.2409 4.3582
27 พ.ย. 2562 4.2112 4.2429 4.3580
28 พ.ย. 2562 4.2173 4.2464 4.3620
29 พ.ย. 2562 4.2082 4.2395 4.3573