03 ธ.ค. 2555 36.7901 36.9001 37.6220
04 ธ.ค. 2555 36.8738 36.9848 37.6977
06 ธ.ค. 2555 36.7597 36.8711 37.5970
07 ธ.ค. 2555 36.7201 36.8316 37.5442
11 ธ.ค. 2555 36.7308 36.8442 37.5460
12 ธ.ค. 2555 36.6329 36.7437 37.4642
13 ธ.ค. 2555 36.2541 36.3673 37.0773
14 ธ.ค. 2555 36.1470 36.2579 36.9808
17 ธ.ค. 2555 35.9662 36.0773 36.7868
18 ธ.ค. 2555 35.9845 36.0948 36.7980
19 ธ.ค. 2555 35.8437 35.9547 36.6482
20 ธ.ค. 2555 35.9180 36.0282 36.7297
21 ธ.ค. 2555 35.9684 36.0777 36.7726
24 ธ.ค. 2555 35.8512 35.9622 36.6491
25 ธ.ค. 2555 35.6885 35.7979 36.5032
26 ธ.ค. 2555 35.5054 35.6149 36.3197
27 ธ.ค. 2555 35.3150 35.4238 36.1264
28 ธ.ค. 2555 35.0022 35.1101 35.7960
02 ม.ค. 2556 34.5847 34.6929 35.3643
03 ม.ค. 2556 34.3989 34.5072 35.1799
04 ม.ค. 2556 34.2624 34.3701 35.0448
07 ม.ค. 2556 34.1501 34.2566 34.9287
08 ม.ค. 2556 34.3526 34.4600 35.1313
09 ม.ค. 2556 34.3978 34.5076 35.1708
10 ม.ค. 2556 34.0770 34.1829 34.8390
11 ม.ค. 2556 33.5844 33.6904 34.3402
14 ม.ค. 2556 33.4200 33.5263 34.1787
15 ม.ค. 2556 33.2674 33.3737 34.0204
16 ม.ค. 2556 33.4890 33.5945 34.2583
17 ม.ค. 2556 33.2259 33.3325 33.9894
18 ม.ค. 2556 32.7194 32.8243 33.4783
21 ม.ค. 2556 32.7189 32.8246 33.4904
22 ม.ค. 2556 32.8372 32.9455 33.5964
23 ม.ค. 2556 33.2098 33.3162 33.9761
24 ม.ค. 2556 33.1686 33.2760 33.9322
25 ม.ค. 2556 32.6145 32.7189 33.3647
28 ม.ค. 2556 32.5333 32.6373 33.2688
29 ม.ค. 2556 32.5003 32.6049 33.2516
30 ม.ค. 2556 32.3542 32.4577 33.0969
31 ม.ค. 2556 32.3076 32.4112 33.0484
01 ก.พ. 2556 32.0944 32.2012 32.8227
04 ก.พ. 2556 31.7186 31.8227 32.4400
05 ก.พ. 2556 31.7905 31.8952 32.5240
06 ก.พ. 2556 31.3411 31.4439 32.0503
07 ก.พ. 2556 31.4790 31.5809 32.2014
08 ก.พ. 2556 31.4683 31.5692 32.1838
11 ก.พ. 2556 31.7736 31.8773 32.5024
12 ก.พ. 2556 31.3254 31.4257 32.0362
13 ก.พ. 2556 31.5577 31.6601 32.2785
14 ก.พ. 2556 31.4725 31.5731 32.1895
15 ก.พ. 2556 31.7854 31.8897 32.5105
18 ก.พ. 2556 31.4025 31.5044 32.1176
19 ก.พ. 2556 31.4664 31.5680 32.1813
20 ก.พ. 2556 31.4971 31.5993 32.2065
21 ก.พ. 2556 31.5141 31.6162 32.2216
22 ก.พ. 2556 31.6139 31.7174 32.3423
26 ก.พ. 2556 31.9493 32.0531 32.6864
27 ก.พ. 2556 32.0670 32.1713 32.7990
28 ก.พ. 2556 31.8361 31.9392 32.5629
01 มี.ค. 2556 31.7343 31.8378 32.4591
04 มี.ค. 2556 31.4779 31.5806 32.2085
05 มี.ค. 2556 31.5183 31.6212 32.2456
06 มี.ค. 2556 31.5177 31.6204 32.2444
07 มี.ค. 2556 31.2750 31.3769 31.9914
08 มี.ค. 2556 30.8822 30.9830 31.5947
11 มี.ค. 2556 30.5756 30.6753 31.2765
12 มี.ค. 2556 30.2828 30.3815 30.9744
13 มี.ค. 2556 30.4817 30.5819 31.1767
14 มี.ค. 2556 30.5120 30.6120 31.2174
15 มี.ค. 2556 30.4009 30.5005 31.1076
18 มี.ค. 2556 30.8326 30.9337 31.5400
19 มี.ค. 2556 30.3422 30.4432 31.0518
20 มี.ค. 2556 30.3541 30.4558 31.0495
21 มี.ค. 2556 30.0300 30.1315 30.7334
22 มี.ค. 2556 30.4240 30.5260 31.1238
25 มี.ค. 2556 30.4423 30.5446 31.1513
26 มี.ค. 2556 30.7202 30.8215 31.4306
27 มี.ค. 2556 30.5779 30.6787 31.2842
28 มี.ค. 2556 30.6461 30.7489 31.3653
29 มี.ค. 2556 30.7482 30.8492 31.4463
01 เม.ย. 2556 30.7706 30.8711 31.4775
02 เม.ย. 2556 31.1479 31.2507 31.8613
03 เม.ย. 2556 31.0544 31.1575 31.7681
04 เม.ย. 2556 30.9114 31.0180 31.6413
05 เม.ย. 2556 29.8793 29.9793 30.5783
09 เม.ย. 2556 28.8788 28.9781 29.5588
10 เม.ย. 2556 28.8475 28.9477 29.5252
11 เม.ย. 2556 28.7729 28.8706 29.4450
12 เม.ย. 2556 28.8015 28.8996 29.4818
17 เม.ย. 2556 29.0892 29.1885 29.7713
18 เม.ย. 2556 29.0160 29.1174 29.7036
19 เม.ย. 2556 28.7526 28.8543 29.4449
22 เม.ย. 2556 28.3078 28.4055 28.9742
23 เม.ย. 2556 28.6805 28.7797 29.3479
24 เม.ย. 2556 28.6278 28.7289 29.3045
25 เม.ย. 2556 28.8183 28.9172 29.4954
26 เม.ย. 2556 29.2217 29.3210 29.9044
29 เม.ย. 2556 29.5550 29.6566 30.2361
30 เม.ย. 2556 29.5492 29.6500 30.2487
02 พ.ค. 2556 29.8251 29.9242 30.5144
03 พ.ค. 2556 29.8182 29.9188 30.5041
07 พ.ค. 2556 29.5339 29.6334 30.2233
08 พ.ค. 2556 29.4882 29.5877 30.1626
09 พ.ค. 2556 29.4048 29.5059 30.0899
10 พ.ค. 2556 28.9813 29.0811 29.6568
13 พ.ค. 2556 28.8609 28.9606 29.5286
14 พ.ค. 2556 28.7949 28.8907 29.4510
15 พ.ค. 2556 28.7206 28.8177 29.3726
16 พ.ค. 2556 28.6671 28.7645 29.3294
17 พ.ค. 2556 28.7469 28.8427 29.3980
20 พ.ค. 2556 28.6930 28.7910 29.3575
21 พ.ค. 2556 28.6152 28.7139 29.2850
22 พ.ค. 2556 28.6657 28.7647 29.3335
23 พ.ค. 2556 28.7526 28.8393 29.4931
27 พ.ค. 2556 29.2441 29.3406 29.9117
28 พ.ค. 2556 28.9962 29.0943 29.6611
29 พ.ค. 2556 29.1426 29.2408 29.8049
30 พ.ค. 2556 29.4929 29.5913 30.1676
31 พ.ค. 2556 29.4676 29.5652 30.1446
03 มิ.ย. 2556 29.8613 29.9621 30.5479
04 มิ.ย. 2556 30.0938 30.1930 30.7751
05 มิ.ย. 2556 30.1219 30.2224 30.8104
06 มิ.ย. 2556 30.4167 30.5140 31.0966
07 มิ.ย. 2556 31.2910 31.3877 32.0068
10 มิ.ย. 2556 30.9073 31.0068 31.5993
11 มิ.ย. 2556 30.9551 31.0559 31.6546
12 มิ.ย. 2556 31.7507 31.8533 32.4618
13 มิ.ย. 2556 32.2934 32.3981 33.0455
14 มิ.ย. 2556 31.8201 31.9242 32.5430
17 มิ.ย. 2556 31.9334 32.0371 32.6582
18 มิ.ย. 2556 32.0025 32.1039 32.7335
19 มิ.ย. 2556 31.9998 32.1040 32.7283
20 มิ.ย. 2556 31.6117 31.7154 32.3267
21 มิ.ย. 2556 31.6357 31.7370 32.3428
24 มิ.ย. 2556 31.2359 31.3357 31.9500
25 มิ.ย. 2556 31.3011 31.3998 31.9945
26 มิ.ย. 2556 31.3423 31.4425 32.0436
27 มิ.ย. 2556 31.3906 31.4901 32.0890
28 มิ.ย. 2556 31.1272 31.2259 31.8133
02 ก.ค. 2556 30.6704 30.7683 31.3490
03 ก.ค. 2556 30.4741 30.5725 31.1535
04 ก.ค. 2556 30.7374 30.8366 31.4199
05 ก.ค. 2556 30.6347 30.7335 31.3173
08 ก.ค. 2556 30.6444 30.7434 31.3168
09 ก.ค. 2556 30.6524 30.7501 31.3344
10 ก.ค. 2556 30.5799 30.6785 31.2547
11 ก.ค. 2556 30.9688 31.0708 31.6791
12 ก.ค. 2556 31.0017 31.1013 31.6879
15 ก.ค. 2556 30.9952 31.0929 31.6851
16 ก.ค. 2556 30.7538 30.8537 31.4417
17 ก.ค. 2556 30.8645 30.9641 31.5481
18 ก.ค. 2556 30.6747 30.7739 31.3618
19 ก.ค. 2556 30.6268 30.7266 31.3134
23 ก.ค. 2556 30.6834 30.7833 31.3762
24 ก.ค. 2556 30.6283 30.7266 31.3038
25 ก.ค. 2556 30.6531 30.7525 31.3416
26 ก.ค. 2556 30.9979 31.0982 31.6869
29 ก.ค. 2556 31.4399 31.5390 32.1349
30 ก.ค. 2556 31.4365 31.5340 32.1318
31 ก.ค. 2556 31.5948 31.6945 32.2952
01 ส.ค. 2556 31.4526 31.5514 32.1549
02 ส.ค. 2556 31.1497 31.2486 31.8311
05 ส.ค. 2556 31.2815 31.3817 31.9827
06 ส.ค. 2556 31.5893 31.6887 32.2914
07 ส.ค. 2556 31.9363 32.0383 32.6551
08 ส.ค. 2556 32.0180 32.1211 32.7279
09 ส.ค. 2556 31.9097 32.0130 32.6222
13 ส.ค. 2556 31.7288 31.8305 32.4351
14 ส.ค. 2556 31.4954 31.5968 32.1954
15 ส.ค. 2556 31.4992 31.5996 32.2093
16 ส.ค. 2556 31.7083 31.8083 32.4115
19 ส.ค. 2556 31.7229 31.8228 32.4199
20 ส.ค. 2556 31.9812 32.0854 32.6961
21 ส.ค. 2556 32.2101 32.3126 32.9277
22 ส.ค. 2556 32.3037 32.4041 33.0148
23 ส.ค. 2556 31.9048 32.0048 32.6029
26 ส.ค. 2556 31.9501 32.0488 32.6572
27 ส.ค. 2556 32.2771 32.3811 32.9951
28 ส.ค. 2556 32.6747 32.7825 33.4491
29 ส.ค. 2556 32.5159 32.6147 33.2078
30 ส.ค. 2556 32.2717 32.3702 32.9821
02 ก.ย. 2556 32.1712 32.2721 32.8803
03 ก.ย. 2556 31.7682 31.8718 32.4680
04 ก.ย. 2556 31.9418 32.0412 32.6351
05 ก.ย. 2556 31.8467 31.9488 32.5488
06 ก.ย. 2556 32.0524 32.1510 32.7512
09 ก.ย. 2556 32.0260 32.1247 32.7287
10 ก.ย. 2556 31.8166 31.9166 32.5049
11 ก.ย. 2556 31.6246 31.7232 32.3149
12 ก.ย. 2556 31.5104 31.6113 32.2002
13 ก.ย. 2556 31.5126 31.6092 32.1978
16 ก.ย. 2556 31.6498 31.7463 32.3428
17 ก.ย. 2556 31.6818 31.7777 32.3702
18 ก.ย. 2556 31.5502 31.6470 32.2416
19 ก.ย. 2556 31.1627 31.2671 31.9014
20 ก.ย. 2556 30.8359 30.9381 31.5441
23 ก.ย. 2556 30.9890 31.0923 31.6989
24 ก.ย. 2556 31.2784 31.3840 32.0024
25 ก.ย. 2556 31.4447 31.5413 32.1398
26 ก.ย. 2556 31.2737 31.3722 31.9673
27 ก.ย. 2556 31.2165 31.3163 31.9106
30 ก.ย. 2556 31.6883 31.7909 32.4228
01 ต.ค. 2556 31.3527 31.4533 32.0597
02 ต.ค. 2556 31.5877 31.6869 32.2914
03 ต.ค. 2556 31.5571 31.6566 32.2744
04 ต.ค. 2556 31.8058 31.9056 32.5151
07 ต.ค. 2556 31.8456 31.9494 32.5739
08 ต.ค. 2556 31.9953 32.0933 32.7128
09 ต.ค. 2556 31.8956 31.9961 32.6099
10 ต.ค. 2556 31.8273 31.9267 32.5324
11 ต.ค. 2556 31.4619 31.5592 32.1528
14 ต.ค. 2556 31.4872 31.5861 32.1818
15 ต.ค. 2556 31.3824 31.4753 32.0529
16 ต.ค. 2556 31.3530 31.4496 32.0409
17 ต.ค. 2556 31.1955 31.2933 31.8925
18 ต.ค. 2556 31.2569 31.3545 31.9533
21 ต.ค. 2556 31.3397 31.4402 32.0395
22 ต.ค. 2556 31.3032 31.4023 32.0130
24 ต.ค. 2556 31.6070 31.7078 32.3132
25 ต.ค. 2556 31.6273 31.7283 32.3319
28 ต.ค. 2556 31.4803 31.5764 32.1704
29 ต.ค. 2556 31.4781 31.5764 32.1674
30 ต.ค. 2556 31.2620 31.3601 31.9662
31 ต.ค. 2556 31.2147 31.3116 31.9064
01 พ.ย. 2556 31.3720 31.4729 32.0762
04 พ.ย. 2556 31.2692 31.3722 31.9799
05 พ.ย. 2556 31.4072 31.5054 32.1094
06 พ.ย. 2556 31.3882 31.4854 32.0831
07 พ.ย. 2556 31.3236 31.4197 32.0176
08 พ.ย. 2556 31.5466 31.6450 32.2346
11 พ.ย. 2556 31.5706 31.6688 32.2575
12 พ.ย. 2556 31.3855 31.4833 32.0748
13 พ.ย. 2556 31.3509 31.4476 32.0305
14 พ.ย. 2556 31.2532 31.3522 31.9381
15 พ.ย. 2556 31.1300 31.2255 31.8053
18 พ.ย. 2556 31.1227 31.2207 31.8117
19 พ.ย. 2556 31.2795 31.3758 31.9654
20 พ.ย. 2556 31.2613 31.3584 31.9485
21 พ.ย. 2556 31.2631 31.3606 31.9494
22 พ.ย. 2556 31.0718 31.1664 31.7387
25 พ.ย. 2556 31.0440 31.1385 31.7142
26 พ.ย. 2556 31.1845 31.2809 31.8632
27 พ.ย. 2556 31.2278 31.3245 31.9076
28 พ.ย. 2556 31.1388 31.2365 31.8228
29 พ.ย. 2556 30.9627 31.0614 31.6552
02 ธ.ค. 2556 31.0899 31.1863 31.7598
03 ธ.ค. 2556 30.8450 30.9423 31.5198
04 ธ.ค. 2556 30.9897 31.0858 31.6638
06 ธ.ค. 2556 31.3059 31.4041 31.9873
09 ธ.ค. 2556 30.8205 30.9220 31.5070
11 ธ.ค. 2556 30.7633 30.8616 31.4305
12 ธ.ค. 2556 30.9204 31.0176 31.5980
13 ธ.ค. 2556 30.6270 30.7226 31.2888
16 ธ.ค. 2556 30.7084 30.8041 31.3701
17 ธ.ค. 2556 30.7115 30.8083 31.3801
18 ธ.ค. 2556 30.9067 31.0066 31.5796
19 ธ.ค. 2556 30.7377 30.8382 31.4150
20 ธ.ค. 2556 30.7735 30.8733 31.4464
23 ธ.ค. 2556 31.0570 31.1537 31.7204
24 ธ.ค. 2556 31.0268 31.1232 31.6976
25 ธ.ค. 2556 30.9905 31.0858 31.6516
26 ธ.ค. 2556 30.9356 31.0315 31.5942
27 ธ.ค. 2556 30.9242 31.0215 31.5869
02 ม.ค. 2557 30.8683 30.9670 31.5487
03 ม.ค. 2557 31.1665 31.2625 31.8297
06 ม.ค. 2557 31.3079 31.4080 31.9762
07 ม.ค. 2557 31.3338 31.4298 32.0038
08 ม.ค. 2557 31.1622 31.2587 31.8229
09 ม.ค. 2557 31.0995 31.1963 31.7601
10 ม.ค. 2557 31.1083 31.2016 31.7709
13 ม.ค. 2557 31.4895 31.5867 32.1756
14 ม.ค. 2557 31.4292 31.5287 32.1153
15 ม.ค. 2557 31.0810 31.1760 31.7447
16 ม.ค. 2557 31.0400 31.1348 31.6932
17 ม.ค. 2557 31.0029 31.0994 31.6747
20 ม.ค. 2557 31.2523 31.3455 31.9262
21 ม.ค. 2557 31.0299 31.1246 31.7054
22 ม.ค. 2557 31.1373 31.2329 31.8027
23 ม.ค. 2557 31.1455 31.2396 31.8045
24 ม.ค. 2557 31.3717 31.4663 32.0445
27 ม.ค. 2557 31.7528 31.8560 32.4420
28 ม.ค. 2557 31.6522 31.7471 32.3306
29 ม.ค. 2557 31.4985 31.5931 32.1651
30 ม.ค. 2557 31.8643 31.9587 32.5325
31 ม.ค. 2557 31.7522 31.8479 32.4275
03 ก.พ. 2557 31.7933 31.8912 32.4778
04 ก.พ. 2557 32.1032 32.2019 32.7924
05 ก.พ. 2557 31.9300 32.0266 32.6118
06 ก.พ. 2557 31.9278 32.0244 32.6081
07 ก.พ. 2557 31.7971 31.8933 32.4793
10 ก.พ. 2557 31.6405 31.7373 32.3156
11 ก.พ. 2557 31.7242 31.8205 32.3999
12 ก.พ. 2557 31.4924 31.5892 32.1714
13 ก.พ. 2557 31.4291 31.5256 32.1169
17 ก.พ. 2557 31.4408 31.5388 32.1138
18 ก.พ. 2557 31.3155 31.4125 31.9860
19 ก.พ. 2557 31.4901 31.5870 32.1618
20 ก.พ. 2557 31.5884 31.6850 32.2666
21 ก.พ. 2557 31.3862 31.4825 32.0600
24 ก.พ. 2557 31.4370 31.5330 32.1160
25 ก.พ. 2557 31.3425 31.4382 32.0067
26 ก.พ. 2557 31.4608 31.5563 32.1255
27 ก.พ. 2557 31.4675 31.5628 32.1380
28 ก.พ. 2557 31.6379 31.7319 32.3038
03 มี.ค. 2557 31.7519 31.8486 32.4298
04 มี.ค. 2557 31.6239 31.7185 32.3019
05 มี.ค. 2557 31.3082 31.4082 31.9993
06 มี.ค. 2557 31.1248 31.2194 31.7783
07 มี.ค. 2557 30.9666 31.0619 31.6356
10 มี.ค. 2557 31.0516 31.1472 31.7326
11 มี.ค. 2557 30.9265 31.0218 31.5878
12 มี.ค. 2557 31.0709 31.1676 31.7471
13 มี.ค. 2557 31.1367 31.2339 31.8033
14 มี.ค. 2557 31.3742 31.4709 32.0449
17 มี.ค. 2557 31.4060 31.5009 32.0798
18 มี.ค. 2557 31.2242 31.3210 31.8971
19 มี.ค. 2557 31.2948 31.3925 31.9807
20 มี.ค. 2557 31.2165 31.3143 31.8955
21 มี.ค. 2557 31.2885 31.3855 31.9588
24 มี.ค. 2557 31.3089 31.4030 31.9710
25 มี.ค. 2557 31.3916 31.4905 32.0710
26 มี.ค. 2557 31.4820 31.5773 32.1545
27 มี.ค. 2557 31.5404 31.6377 32.2373
28 มี.ค. 2557 31.4571 31.5541 32.1329
31 มี.ค. 2557 31.1590 31.2555 31.8378
01 เม.ย. 2557 31.0022 31.0980 31.6671
02 เม.ย. 2557 30.8047 30.8983 31.4684
03 เม.ย. 2557 30.8719 30.9681 31.5342
04 เม.ย. 2557 30.9410 31.0343 31.6029
08 เม.ย. 2557 31.1351 31.2308 31.7987
09 เม.ย. 2557 31.2202 31.3168 31.8904
10 เม.ย. 2557 31.2064 31.3031 31.8917
11 เม.ย. 2557 31.4173 31.5122 32.0931
16 เม.ย. 2557 31.2671 31.3597 31.9255
17 เม.ย. 2557 31.1815 31.2752 31.8603
18 เม.ย. 2557 31.0362 31.1299 31.7207
21 เม.ย. 2557 30.9980 31.0922 31.6726
22 เม.ย. 2557 31.0907 31.1845 31.7631
23 เม.ย. 2557 31.1719 31.2681 31.8485
24 เม.ย. 2557 31.1881 31.2829 31.8627
25 เม.ย. 2557 31.2344 31.3336 31.9001
28 เม.ย. 2557 31.1925 31.2872 31.8680
29 เม.ย. 2557 31.1196 31.2142 31.7833
30 เม.ย. 2557 31.1480 31.2434 31.8159
02 พ.ค. 2557 31.2645 31.3615 31.9468
06 พ.ค. 2557 31.3394 31.4340 32.0002
07 พ.ค. 2557 31.4881 31.5823 32.1568
08 พ.ค. 2557 31.4729 31.5697 32.1492
09 พ.ค. 2557 31.6241 31.7198 32.2939
12 พ.ค. 2557 31.6274 31.7238 32.2991
14 พ.ค. 2557 31.4427 31.5391 32.1056
15 พ.ค. 2557 31.4468 31.5430 32.1144
16 พ.ค. 2557 31.6026 31.6979 32.2707
19 พ.ค. 2557 31.6301 31.7256 32.2992
20 พ.ค. 2557 31.6620 31.7624 32.3527
21 พ.ค. 2557 31.7476 31.8458 32.4393
22 พ.ค. 2557 31.5491 31.6510 32.2431
23 พ.ค. 2557 31.5634 31.6606 32.2420
26 พ.ค. 2557 31.6011 31.6967 32.2716
27 พ.ค. 2557 31.5880 31.6836 32.2586
28 พ.ค. 2557 31.6474 31.7446 32.3275
29 พ.ค. 2557 31.7879 31.8829 32.4585
30 พ.ค. 2557 31.8862 31.9835 32.5674
02 มิ.ย. 2557 31.8322 31.9348 32.5248
03 มิ.ย. 2557 31.6126 31.7086 32.2752
04 มิ.ย. 2557 31.4400 31.5388 32.1272
05 มิ.ย. 2557 31.4959 31.5921 32.1599
06 มิ.ย. 2557 31.4618 31.5645 32.1441
09 มิ.ย. 2557 31.2769 31.3668 31.9418
10 มิ.ย. 2557 31.3218 31.4103 31.9939
11 มิ.ย. 2557 31.3545 31.4415 32.0239
12 มิ.ย. 2557 31.4396 31.5366 32.1185
13 มิ.ย. 2557 31.4566 31.5420 32.1293
16 มิ.ย. 2557 31.3959 31.4907 32.0656
17 มิ.ย. 2557 31.4027 31.4922 32.0784
18 มิ.ย. 2557 31.4236 31.5128 32.0968
19 มิ.ย. 2557 31.4095 31.5024 32.0914
20 มิ.ย. 2557 31.4865 31.5808 32.1685
23 มิ.ย. 2557 31.4056 31.4960 32.0889
24 มิ.ย. 2557 31.4698 31.5655 32.1444
25 มิ.ย. 2557 31.4799 31.5744 32.1557
26 มิ.ย. 2557 31.5098 31.5999 32.1892
27 มิ.ย. 2557 31.6007 31.6919 32.2824
30 มิ.ย. 2557 31.6438 31.7396 32.3299
02 ก.ค. 2557 31.5059 31.6023 32.1844
03 ก.ค. 2557 31.3959 31.4875 32.0820
04 ก.ค. 2557 31.3552 31.4508 32.0198
07 ก.ค. 2557 31.3296 31.4245 32.0011
08 ก.ค. 2557 31.4425 31.5373 32.1113
09 ก.ค. 2557 31.4393 31.5338 32.1181
10 ก.ค. 2557 31.2814 31.3782 31.9541
14 ก.ค. 2557 31.3239 31.4191 32.0072
15 ก.ค. 2557 31.2632 31.3549 31.9429
16 ก.ค. 2557 31.2456 31.3413 31.9096
17 ก.ค. 2557 31.2542 31.3478 31.9356
18 ก.ค. 2557 31.4040 31.5010 32.0841
21 ก.ค. 2557 31.2662 31.3572 31.9582
22 ก.ค. 2557 31.0050 31.0971 31.6826
23 ก.ค. 2557 30.9426 31.0382 31.6182
24 ก.ค. 2557 30.9574 31.0534 31.6369
25 ก.ค. 2557 30.9221 31.0173 31.6065
28 ก.ค. 2557 30.8723 30.9650 31.5424
29 ก.ค. 2557 30.8345 30.9299 31.5078
30 ก.ค. 2557 30.8069 30.9037 31.4910
31 ก.ค. 2557 30.7324 30.8204 31.4166
01 ส.ค. 2557 30.9104 31.0032 31.5804
04 ส.ค. 2557 30.9392 31.0326 31.6147
05 ส.ค. 2557 30.9395 31.0338 31.6099
06 ส.ค. 2557 30.9995 31.0902 31.6611
07 ส.ค. 2557 31.1306 31.2270 31.8060
08 ส.ค. 2557 31.2734 31.3655 31.9566
13 ส.ค. 2557 30.9184 31.0092 31.5918
14 ส.ค. 2557 30.7227 30.8139 31.3833
15 ส.ค. 2557 30.7257 30.8197 31.3829
18 ส.ค. 2557 30.7253 30.8207 31.3972
19 ส.ค. 2557 30.6673 30.7580 31.3416
20 ส.ค. 2557 30.5874 30.6748 31.2614
21 ส.ค. 2557 30.4857 30.5759 31.1385
22 ส.ค. 2557 30.3540 30.4294 31.0148
25 ส.ค. 2557 30.3587 30.4423 31.0192
26 ส.ค. 2557 30.3580 30.4422 31.0220
27 ส.ค. 2557 30.2900 30.3753 30.9547
28 ส.ค. 2557 30.3185 30.4123 31.0051
29 ส.ค. 2557 30.4181 30.5092 31.0961
01 ก.ย. 2557 30.2948 30.3782 30.9607
02 ก.ย. 2557 30.2369 30.3275 30.8982
03 ก.ย. 2557 30.1614 30.2502 30.8342
04 ก.ย. 2557 30.1306 30.2188 30.7816
05 ก.ย. 2557 30.0978 30.1871 30.7497
08 ก.ย. 2557 30.0819 30.1665 30.7326
09 ก.ย. 2557 29.8888 29.9796 30.5321
10 ก.ย. 2557 29.8349 29.9275 30.5082
11 ก.ย. 2557 29.7560 29.8371 30.3860
12 ก.ย. 2557 29.6714 29.7658 30.3260
15 ก.ย. 2557 29.7207 29.8055 30.3649
16 ก.ย. 2557 29.7533 29.8443 30.4089
17 ก.ย. 2557 29.6700 29.7528 30.3164
18 ก.ย. 2557 29.3893 29.4746 30.0300
19 ก.ย. 2557 29.1868 29.2740 29.8226
22 ก.ย. 2557 29.1853 29.2686 29.8229
23 ก.ย. 2557 29.3066 29.3906 29.9392
24 ก.ย. 2557 29.3099 29.3940 29.9402
25 ก.ย. 2557 29.1773 29.2623 29.8143
26 ก.ย. 2557 29.3141 29.3987 29.9623
29 ก.ย. 2557 29.1971 29.2785 29.8382
30 ก.ย. 2557 29.2317 29.3162 29.8871
01 ต.ค. 2557 29.1646 29.2523 29.8090
02 ต.ค. 2557 29.3730 29.4582 30.0170
03 ต.ค. 2557 29.4541 29.5312 30.0917
06 ต.ค. 2557 29.4053 29.4927 30.0587
07 ต.ค. 2557 29.5506 29.6326 30.1840
08 ต.ค. 2557 29.7569 29.8394 30.3988
09 ต.ค. 2557 29.6870 29.7704 30.3367
10 ต.ค. 2557 29.7144 29.7974 30.3634
13 ต.ค. 2557 29.8682 29.9478 30.5183
14 ต.ค. 2557 29.8803 29.9649 30.5267
15 ต.ค. 2557 29.9731 30.0540 30.6229
16 ต.ค. 2557 30.1931 30.2802 30.8483
17 ต.ค. 2557 30.1315 30.2179 30.7778
20 ต.ค. 2557 29.8013 29.8882 30.4550
21 ต.ค. 2557 29.8566 29.9383 30.4993
22 ต.ค. 2557 29.8396 29.9212 30.4800
24 ต.ค. 2557 29.6382 29.7228 30.2890
27 ต.ค. 2557 29.6327 29.7151 30.2791
28 ต.ค. 2557 29.6835 29.7654 30.3221
29 ต.ค. 2557 29.6548 29.7384 30.2970
30 ต.ค. 2557 29.4986 29.5827 30.1456
31 ต.ค. 2557 29.2108 29.2963 29.8909
03 พ.ย. 2557 28.5682 28.6615 29.1974
04 พ.ย. 2557 28.4155 28.5057 29.0413
05 พ.ย. 2557 28.3618 28.4469 28.9893
06 พ.ย. 2557 28.2181 28.3040 28.8390
07 พ.ย. 2557 28.1809 28.2701 28.7919
10 พ.ย. 2557 28.2841 28.3638 28.8992
11 พ.ย. 2557 28.1999 28.2861 28.8186
12 พ.ย. 2557 28.0546 28.1340 28.6706
13 พ.ย. 2557 28.0413 28.1276 28.6577
14 พ.ย. 2557 27.9559 28.0387 28.6181
17 พ.ย. 2557 27.9209 27.9963 28.5773
18 พ.ย. 2557 27.7732 27.8608 28.4220
19 พ.ย. 2557 27.6639 27.7531 28.3247
20 พ.ย. 2557 27.4104 27.4874 28.0524
21 พ.ย. 2557 27.4715 27.5527 28.1205
24 พ.ย. 2557 27.4804 27.5703 28.1085
25 พ.ย. 2557 27.4635 27.5382 28.0899
26 พ.ย. 2557 27.4813 27.5712 28.1199
27 พ.ย. 2557 27.5363 27.6208 28.1699
28 พ.ย. 2557 27.4219 27.5097 28.0536
01 ธ.ค. 2557 27.3266 27.4066 27.9620
02 ธ.ค. 2557 27.3497 27.4392 27.9781
03 ธ.ค. 2557 27.2122 27.2951 27.8415
04 ธ.ค. 2557 27.1033 27.1743 27.7363
08 ธ.ค. 2557 26.8793 26.9600 27.5018
09 ธ.ค. 2557 27.0104 27.0922 27.6465
11 ธ.ค. 2557 27.4433 27.5272 28.0939
12 ธ.ค. 2557 27.2391 27.3218 27.8548
15 ธ.ค. 2557 27.3028 27.3820 27.9198
16 ธ.ค. 2557 27.6688 27.7572 28.3218
17 ธ.ค. 2557 27.8950 27.9751 28.5308
18 ธ.ค. 2557 27.4247 27.5064 28.0483
19 ธ.ค. 2557 27.2534 27.3367 27.8731
22 ธ.ค. 2557 27.1629 27.2392 27.7912
23 ธ.ค. 2557 27.0544 27.1352 27.7027
24 ธ.ค. 2557 26.9666 27.0469 27.5779
25 ธ.ค. 2557 27.0099 27.0919 27.6269
26 ธ.ค. 2557 27.0117 27.0976 27.6251
29 ธ.ค. 2557 26.9909 27.0750 27.5998
30 ธ.ค. 2557 27.0361 27.1169 27.6511
05 ม.ค. 2558 27.0871 27.1735 27.7448
06 ม.ค. 2558 27.2840 27.3667 27.9174
07 ม.ค. 2558 27.2910 27.3724 27.9330
08 ม.ค. 2558 27.1600 27.2412 27.8064
09 ม.ค. 2558 27.1351 27.2156 27.7695
12 ม.ค. 2558 27.4018 27.4825 28.0535
13 ม.ค. 2558 27.4922 27.5734 28.1258
14 ม.ค. 2558 27.5733 27.6536 28.2041
15 ม.ค. 2558 27.4930 27.5798 28.0983
16 ม.ค. 2558 27.7572 27.8450 28.4086
19 ม.ค. 2558 27.4412 27.5234 28.0823
20 ม.ค. 2558 27.3350 27.4166 27.9534
21 ม.ค. 2558 27.3299 27.4209 27.9569
22 ม.ค. 2558 27.2628 27.3441 27.8704
23 ม.ค. 2558 27.1554 27.2412 27.8214
26 ม.ค. 2558 27.3276 27.4083 27.9527
27 ม.ค. 2558 27.1587 27.2432 27.7957
28 ม.ค. 2558 27.2747 27.3522 27.9199
29 ม.ค. 2558 27.3497 27.4350 27.9675
30 ม.ค. 2558 27.3749 27.4561 28.0095
02 ก.พ. 2558 27.4179 27.5049 28.1793
03 ก.พ. 2558 27.3987 27.4837 28.0372
04 ก.พ. 2558 27.3315 27.4110 27.9478
05 ก.พ. 2558 27.4652 27.5485 28.1056
06 ก.พ. 2558 27.3940 27.4780 28.0286
09 ก.พ. 2558 27.1399 27.2134 27.7586
10 ก.พ. 2558 27.1573 27.2375 27.7876
11 ก.พ. 2558 26.9766 27.0618 27.5859
12 ก.พ. 2558 26.8657 26.9437 27.4747
13 ก.พ. 2558 27.0906 27.1762 27.7138
16 ก.พ. 2558 27.1354 27.2190 27.7687
17 ก.พ. 2558 27.1921 27.2729 27.8223
18 ก.พ. 2558 26.9914 27.0721 27.6176
19 ก.พ. 2558 27.0797 27.1648 27.7118
20 ก.พ. 2558 27.0198 27.0991 27.6616
23 ก.พ. 2558 27.0012 27.0821 27.6392
24 ก.พ. 2558 27.0275 27.1072 27.6392
25 ก.พ. 2558 27.0795 27.1637 27.6900
26 ก.พ. 2558 26.9464 27.0334 27.5624
27 ก.พ. 2558 26.8028 26.8827 27.4285
02 มี.ค. 2558 26.6747 26.7566 27.2992
03 มี.ค. 2558 26.6419 26.7220 27.2558
05 มี.ค. 2558 26.7031 26.7854 27.3184
06 มี.ค. 2558 26.6818 26.7580 27.3008
09 มี.ค. 2558 26.6217 26.7038 27.2359
10 มี.ค. 2558 26.4828 26.5656 27.0852
11 มี.ค. 2558 26.6196 26.6988 27.2417
12 มี.ค. 2558 26.7196 26.8024 27.3387
13 มี.ค. 2558 26.6806 26.7629 27.3112
16 มี.ค. 2558 26.7799 26.8599 27.4108
17 มี.ค. 2558 26.7683 26.8492 27.3938
18 มี.ค. 2558 26.7773 26.8559 27.4085
19 มี.ค. 2558 26.8695 26.9503 27.5430
20 มี.ค. 2558 26.7441 26.8313 27.3962
23 มี.ค. 2558 26.7976 26.8734 27.4547
24 มี.ค. 2558 26.8262 26.9072 27.4441
25 มี.ค. 2558 26.8383 26.9196 27.4359
26 มี.ค. 2558 26.9783 27.0617 27.6256
27 มี.ค. 2558 26.9867 27.0689 27.6159
30 มี.ค. 2558 27.0061 27.0878 27.6310
31 มี.ค. 2558 26.7417 26.8263 27.3534
01 เม.ย. 2558 26.8484 26.9331 27.4544
02 เม.ย. 2558 26.7736 26.8560 27.4215
03 เม.ย. 2558 26.7858 26.8683 27.4123
07 เม.ย. 2558 26.8178 26.9002 27.4360
08 เม.ย. 2558 26.7699 26.8509 27.3987
09 เม.ย. 2558 26.7259 26.8076 27.3912
10 เม.ย. 2558 26.6829 26.7427 27.3486
16 เม.ย. 2558 26.8564 26.9428 27.5073
17 เม.ย. 2558 26.8583 26.9434 27.5144
20 เม.ย. 2558 26.8651 26.9504 27.4870
21 เม.ย. 2558 26.8008 26.8836 27.4338
22 เม.ย. 2558 26.7171 26.7992 27.3412
23 เม.ย. 2558 26.6597 26.7458 27.3103
24 เม.ย. 2558 26.8168 26.9013 27.4618
27 เม.ย. 2558 27.0448 27.1270 27.6892
28 เม.ย. 2558 27.0523 27.1358 27.6907
29 เม.ย. 2558 27.1320 27.2180 27.7831
30 เม.ย. 2558 27.2873 27.3752 27.9554
06 พ.ค. 2558 27.3648 27.4548 28.0337
07 พ.ค. 2558 27.5793 27.6619 28.2277
08 พ.ค. 2558 27.6138 27.6998 28.2591
11 พ.ค. 2558 27.6426 27.7215 28.3042
12 พ.ค. 2558 27.7605 27.8466 28.4068
13 พ.ค. 2558 27.7458 27.8347 28.3982
14 พ.ค. 2558 27.6978 27.7881 28.3877
15 พ.ค. 2558 27.7395 27.8241 28.3818
18 พ.ค. 2558 27.6187 27.7018 28.2707
19 พ.ค. 2558 27.4834 27.5629 28.1443
20 พ.ค. 2558 27.4086 27.4948 28.0652
21 พ.ค. 2558 27.2784 27.3637 27.9597
22 พ.ค. 2558 27.2827 27.3636 27.9358
25 พ.ค. 2558 27.1913 27.2744 27.8285
26 พ.ค. 2558 27.2445 27.3317 27.8787
27 พ.ค. 2558 27.0801 27.1651 27.7238
28 พ.ค. 2558 26.9261 27.0136 27.5865
29 พ.ค. 2558 26.9131 26.9916 27.5687
02 มิ.ย. 2558 26.7264 26.8086 27.3640
03 มิ.ย. 2558 26.8193 26.9049 27.4788
04 มิ.ย. 2558 26.7346 26.8178 27.3777
05 มิ.ย. 2558 26.7625 26.8437 27.4061
08 มิ.ย. 2558 26.6652 26.7504 27.3102
09 มิ.ย. 2558 26.7353 26.8131 27.3782
10 มิ.ย. 2558 26.8596 26.9483 27.5270
11 มิ.ย. 2558 26.9923 27.0785 27.6260
12 มิ.ย. 2558 26.9258 27.0080 27.5816
15 มิ.ย. 2558 26.9349 27.0210 27.5723
16 มิ.ย. 2558 26.9373 27.0200 27.5674
17 มิ.ย. 2558 26.9308 27.0146 27.5582
18 มิ.ย. 2558 26.9370 27.0228 27.5810
19 มิ.ย. 2558 27.0169 27.0965 27.6734
22 มิ.ย. 2558 27.0699 27.1530 27.7097
23 มิ.ย. 2558 26.9190 27.0049 27.5763
24 มิ.ย. 2558 26.9059 26.9877 27.5733
25 มิ.ย. 2558 26.9200 27.0016 27.5801
26 มิ.ย. 2558 27.0065 27.0820 27.6801
29 มิ.ย. 2558 27.1740 27.2590 27.8247
30 มิ.ย. 2558 27.2195 27.3049 27.8603
02 ก.ค. 2558 27.0335 27.1139 27.7041
03 ก.ค. 2558 27.0870 27.1668 27.7461
06 ก.ค. 2558 27.2214 27.3052 27.8931
07 ก.ค. 2558 27.2311 27.3149 27.9128
08 ก.ค. 2558 27.4841 27.5768 28.1780
09 ก.ค. 2558 27.6723 27.7612 28.3785
10 ก.ค. 2558 27.4729 27.5588 28.1622
13 ก.ค. 2558 27.3376 27.4182 28.0171
14 ก.ค. 2558 27.1763 27.2615 27.8503
15 ก.ค. 2558 27.2318 27.3159 27.8933
16 ก.ค. 2558 27.2280 27.3306 27.9134
17 ก.ค. 2558 27.1841 27.2672 27.8470
20 ก.ค. 2558 27.2527 27.3352 27.9146
21 ก.ค. 2558 27.3392 27.4315 28.0057
22 ก.ค. 2558 27.5442 27.6256 28.2185
23 ก.ค. 2558 27.6820 27.7654 28.3449
24 ก.ค. 2558 27.7564 27.8371 28.4259
27 ก.ค. 2558 27.8221 27.9129 28.5117
28 ก.ค. 2558 27.9072 27.9878 28.5741
29 ก.ค. 2558 27.8743 27.9600 28.5430
31 ก.ค. 2558 27.9827 28.0652 28.6511
03 ส.ค. 2558 27.8970 27.9812 28.5659
04 ส.ค. 2558 27.9486 28.0293 28.6232
05 ส.ค. 2558 27.8633 27.9465 28.5344
06 ส.ค. 2558 27.8208 27.9007 28.5011
07 ส.ค. 2558 27.8122 27.8956 28.4763
10 ส.ค. 2558 27.8525 27.9340 28.5531
11 ส.ค. 2558 27.8848 27.9670 28.5450
13 ส.ค. 2558 27.9667 28.0513 28.6378
14 ส.ค. 2558 27.9386 28.0204 28.6179
17 ส.ค. 2558 28.0461 28.1281 28.7248
18 ส.ค. 2558 28.1933 28.2742 28.8807
19 ส.ค. 2558 28.2530 28.3339 28.9367
20 ส.ค. 2558 28.3148 28.3983 28.9727
21 ส.ค. 2558 28.5562 28.6516 29.2544
24 ส.ค. 2558 29.1209 29.2077 29.8162
25 ส.ค. 2558 29.3733 29.4573 30.0617
26 ส.ค. 2558 29.5150 29.5978 30.2224
27 ส.ค. 2558 29.3110 29.3969 30.0072
28 ส.ค. 2558 29.1745 29.2573 29.8754
31 ส.ค. 2558 29.2159 29.3041 29.9080
01 ก.ย. 2558 29.2081 29.2927 29.8997
02 ก.ย. 2558 29.3672 29.4560 30.0499
03 ก.ย. 2558 29.3387 29.4197 30.0171
04 ก.ย. 2558 29.5679 29.6508 30.2510
07 ก.ย. 2558 29.7972 29.8768 30.4730
08 ก.ย. 2558 29.9345 30.0141 30.6219
09 ก.ย. 2558 29.5302 29.6090 30.2205
10 ก.ย. 2558 29.6873 29.7705 30.3545
11 ก.ย. 2558 29.4466 29.5312 30.1491
14 ก.ย. 2558 29.5077 29.5881 30.2123
15 ก.ย. 2558 29.5612 29.6386 30.2666
16 ก.ย. 2558 29.5071 29.5948 30.2234
17 ก.ย. 2558 29.3145 29.4004 30.0145
18 ก.ย. 2558 29.4303 29.5144 30.1276
21 ก.ย. 2558 29.4383 29.5209 30.1073
22 ก.ย. 2558 29.4598 29.5386 30.1548
23 ก.ย. 2558 29.7168 29.8000 30.4247
24 ก.ย. 2558 29.7945 29.8804 30.4867
25 ก.ย. 2558 29.7471 29.8290 30.4495
28 ก.ย. 2558 29.7091 29.7899 30.4145
29 ก.ย. 2558 30.0902 30.1732 30.8013
30 ก.ย. 2558 29.9555 30.0351 30.6478
01 ต.ค. 2558 29.9105 29.9912 30.5990
02 ต.ค. 2558 30.0773 30.1593 30.7838
05 ต.ค. 2558 29.9971 30.0706 30.7069
06 ต.ค. 2558 29.7803 29.8595 30.4933
07 ต.ค. 2558 29.6944 29.7820 30.4047
08 ต.ค. 2558 29.5898 29.6706 30.3064
09 ต.ค. 2558 29.3371 29.4155 30.0720
12 ต.ค. 2558 29.1937 29.2710 29.9039
13 ต.ค. 2558 29.2221 29.2980 29.9197
14 ต.ค. 2558 29.3618 29.4353 30.0867
15 ต.ค. 2558 29.2001 29.2791 29.9051
16 ต.ค. 2558 29.2389 29.3202 29.9409
19 ต.ค. 2558 29.2292 29.3083 29.9244
20 ต.ค. 2558 29.2576 29.3446 29.9677
21 ต.ค. 2558 29.1372 29.2185 29.8404
22 ต.ค. 2558 29.3281 29.4107 30.0035
26 ต.ค. 2558 28.9805 29.0666 29.7007
27 ต.ค. 2558 29.0214 29.1034 29.7309
28 ต.ค. 2558 29.1091 29.1880 29.7963
29 ต.ค. 2558 29.1168 29.1969 29.8119
30 ต.ค. 2558 29.0678 29.1532 29.7506
02 พ.ย. 2558 29.1431 29.2266 29.8440
03 พ.ย. 2558 29.0697 29.1468 29.7607
04 พ.ย. 2558 28.9344 29.0165 29.6232
05 พ.ย. 2558 28.8768 28.9595 29.5719
06 พ.ย. 2558 28.8488 28.9238 29.5351
09 พ.ย. 2558 28.6929 28.7742 29.3764
10 พ.ย. 2558 28.7630 28.8467 29.4397
11 พ.ย. 2558 28.7914 28.8760 29.4641
12 พ.ย. 2558 28.7690 28.8532 29.4434
13 พ.ย. 2558 28.8636 28.9430 29.5472
16 พ.ย. 2558 28.9754 29.0597 29.6631
17 พ.ย. 2558 28.7792 28.8613 29.4853
18 พ.ย. 2558 28.8094 28.8885 29.4951
19 พ.ย. 2558 28.7279 28.8079 29.4179
20 พ.ย. 2558 28.7032 28.7800 29.3832
23 พ.ย. 2558 28.7120 28.7880 29.4022
24 พ.ย. 2558 28.8038 28.8795 29.5120
25 พ.ย. 2558 28.7924 28.8695 29.4758
26 พ.ย. 2558 28.7531 28.8347 29.4271
27 พ.ย. 2558 28.8023 28.8815 29.4901
30 พ.ย. 2558 28.8445 28.9305 29.5486
01 ธ.ค. 2558 28.7278 28.8143 29.4137
02 ธ.ค. 2558 28.7165 28.7944 29.4148
03 ธ.ค. 2558 28.7227 28.8007 29.4065
04 ธ.ค. 2558 28.7769 28.8660 29.4691
08 ธ.ค. 2558 28.7563 28.8359 29.4422
09 ธ.ค. 2558 28.8485 28.9244 29.5541
11 ธ.ค. 2558 29.1323 29.2102 29.8054
14 ธ.ค. 2558 29.4754 29.5568 30.1777
15 ธ.ค. 2558 29.4326 29.5109 30.1593
16 ธ.ค. 2558 29.1813 29.2675 29.8527
17 ธ.ค. 2558 29.0515 29.1257 29.7334
18 ธ.ค. 2558 29.1586 29.2363 29.8691
21 ธ.ค. 2558 29.4370 29.5181 30.1391
22 ธ.ค. 2558 29.3676 29.4590 30.0704
23 ธ.ค. 2558 29.4209 29.5057 30.1104
24 ธ.ค. 2558 29.4914 29.5784 30.2029
25 ธ.ค. 2558 29.5909 29.6865 30.3138
28 ธ.ค. 2558 29.5860 29.6703 30.2765
29 ธ.ค. 2558 29.5852 29.6970 30.3035
30 ธ.ค. 2558 29.5648 29.6451 30.2756
04 ม.ค. 2559 29.6833 29.7771 30.4232
05 ม.ค. 2559 29.8837 29.9662 30.5855
06 ม.ค. 2559 30.1018 30.1833 30.8060
07 ม.ค. 2559 30.3144 30.3999 31.0245
08 ม.ค. 2559 30.2522 30.3369 30.9412
11 ม.ค. 2559 30.5680 30.6549 31.2771
12 ม.ค. 2559 30.4377 30.5210 31.1612
13 ม.ค. 2559 30.3326 30.4185 31.0206
14 ม.ค. 2559 30.5130 30.5961 31.2313
15 ม.ค. 2559 30.4002 30.4872 31.1076
18 ม.ค. 2559 30.5970 30.6823 31.2948
19 ม.ค. 2559 30.4524 30.5461 31.1757
20 ม.ค. 2559 30.5592 30.6387 31.2813
21 ม.ค. 2559 30.5402 30.6209 31.2827
22 ม.ค. 2559 30.2872 30.3773 31.0352
25 ม.ค. 2559 29.9533 30.0382 30.6455
26 ม.ค. 2559 30.0740 30.1509 30.8020
27 ม.ค. 2559 29.8948 29.9832 30.6091
28 ม.ค. 2559 29.8109 29.8942 30.5293
29 ม.ค. 2559 29.5357 29.5990 30.2829
01 ก.พ. 2559 29.0498 29.1261 29.7558
02 ก.พ. 2559 29.1161 29.1956 29.8144
03 ก.พ. 2559 29.5479 29.6283 30.2607
04 ก.พ. 2559 29.7837 29.8671 30.5157
05 ก.พ. 2559 30.0402 30.1210 30.7740
08 ก.พ. 2559 29.9397 30.0208 30.6785
09 ก.พ. 2559 30.4388 30.5254 31.1888
10 ก.พ. 2559 30.4722 30.5610 31.2133
11 ก.พ. 2559 30.8566 30.9407 31.6242
12 ก.พ. 2559 31.0737 31.1582 31.8153
15 ก.พ. 2559 30.9775 31.0694 31.7010
16 ก.พ. 2559 30.6935 30.7806 31.4136
17 ก.พ. 2559 30.8804 30.9637 31.6197
18 ก.พ. 2559 30.7785 30.8690 31.5444
19 ก.พ. 2559 31.1449 31.2304 31.8696
23 ก.พ. 2559 31.4018 31.4875 32.1249
24 ก.พ. 2559 31.4998 31.5884 32.2448
25 ก.พ. 2559 31.3886 31.4842 32.1466
26 ก.พ. 2559 31.2071 31.2867 31.9489
29 ก.พ. 2559 31.1213 31.1992 31.8717
01 มี.ค. 2559 31.2827 31.3667 32.0361
02 มี.ค. 2559 30.8355 30.9213 31.5668
03 มี.ค. 2559 30.7865 30.8738 31.5204
04 มี.ค. 2559 30.7600 30.8429 31.5007
07 มี.ค. 2559 30.7614 30.8452 31.5010
08 มี.ค. 2559 30.9421 31.0298 31.6829
09 มี.ค. 2559 30.9929 31.0759 31.7554
10 มี.ค. 2559 30.6714 30.7595 31.4184
11 มี.ค. 2559 30.6197 30.7075 31.3669
14 มี.ค. 2559 30.3910 30.4723 31.1322
15 มี.ค. 2559 30.4847 30.5674 31.2256
16 มี.ค. 2559 30.5177 30.6047 31.2624
17 มี.ค. 2559 30.5233 30.6070 31.2633
18 มี.ค. 2559 30.9064 30.9946 31.6457
21 มี.ค. 2559 30.9196 31.0095 31.6791
22 มี.ค. 2559 30.7746 30.8581 31.5230
23 มี.ค. 2559 30.7546 30.8369 31.4914
24 มี.ค. 2559 30.8791 30.9669 31.6163
25 มี.ค. 2559 30.8015 30.8938 31.5406
28 มี.ค. 2559 30.7122 30.7957 31.4523
29 มี.ค. 2559 30.7390 30.8268 31.4699
30 มี.ค. 2559 30.9398 31.0257 31.6902
31 มี.ค. 2559 30.9199 31.0106 31.6710
01 เม.ย. 2559 30.8897 30.9773 31.6212
04 เม.ย. 2559 31.0995 31.1947 31.8575
05 เม.ย. 2559 31.4423 31.5266 32.1948
07 เม.ย. 2559 31.7604 31.8460 32.5397
08 เม.ย. 2559 31.9278 32.0195 32.6924
11 เม.ย. 2559 32.0678 32.1617 32.8428
12 เม.ย. 2559 31.9825 32.0720 32.7453
18 เม.ย. 2559 32.0154 32.1025 32.7863
19 เม.ย. 2559 31.6340 31.7183 32.4048
20 เม.ย. 2559 31.5743 31.6632 32.3383
21 เม.ย. 2559 31.4892 31.5731 32.2840
22 เม.ย. 2559 31.5990 31.6865 32.3764
25 เม.ย. 2559 31.1755 31.2575 31.9272
26 เม.ย. 2559 31.2348 31.3220 32.0058
27 เม.ย. 2559 31.1862 31.2651 31.9649
28 เม.ย. 2559 31.3948 31.4825 32.1472
29 เม.ย. 2559 32.0436 32.1401 32.8380
03 พ.ค. 2559 32.4008 32.4874 33.2068
04 พ.ค. 2559 32.4060 32.4964 33.1821
09 พ.ค. 2559 32.2596 32.3437 33.0552
10 พ.ค. 2559 32.0325 32.1165 32.8234
11 พ.ค. 2559 31.8919 31.9808 32.6740
12 พ.ค. 2559 32.0433 32.1314 32.8012
13 พ.ค. 2559 32.0745 32.1603 32.8340
16 พ.ค. 2559 32.1198 32.2117 32.8856
17 พ.ค. 2559 32.0163 32.0992 32.7861
18 พ.ค. 2559 32.2138 32.3037 32.9782
19 พ.ค. 2559 32.0022 32.0768 32.8195
23 พ.ค. 2559 32.0398 32.1255 32.8218
24 พ.ค. 2559 32.2395 32.3254 33.0095
25 พ.ค. 2559 32.0557 32.1379 32.8335
26 พ.ค. 2559 32.0708 32.1502 32.8618
27 พ.ค. 2559 32.0009 32.0835 32.7818
30 พ.ค. 2559 31.8459 31.9356 32.6159
31 พ.ค. 2559 31.7382 31.8143 32.5098
01 มิ.ย. 2559 31.8797 31.9658 32.6449
02 มิ.ย. 2559 32.2141 32.3063 32.9717
03 มิ.ย. 2559 32.2317 32.3159 33.0049
06 มิ.ย. 2559 32.6297 32.7188 33.4214
07 มิ.ย. 2559 32.3798 32.4601 33.1529
08 มิ.ย. 2559 32.4981 32.5781 33.2908
09 มิ.ย. 2559 32.4652 32.5442 33.2956
10 มิ.ย. 2559 32.4793 32.5667 33.2525
13 มิ.ย. 2559 32.7462 32.8269 33.5248
14 มิ.ย. 2559 32.7753 32.8579 33.5409
15 มิ.ย. 2559 32.8393 32.9213 33.6546
16 มิ.ย. 2559 33.0908 33.1689 33.9297
17 มิ.ย. 2559 33.2989 33.3852 34.1151
20 มิ.ย. 2559 33.1809 33.2732 33.9994
21 มิ.ย. 2559 33.3969 33.4890 34.2101
22 มิ.ย. 2559 33.2802 33.3712 34.0787
23 มิ.ย. 2559 33.1902 33.2785 34.0062
24 มิ.ย. 2559 33.9297 34.0097 34.8697
27 มิ.ย. 2559 34.2047 34.2811 35.1546
28 มิ.ย. 2559 34.1558 34.2534 35.0559
29 มิ.ย. 2559 33.9524 34.0339 34.8288
30 มิ.ย. 2559 33.7911 33.8810 34.6090
04 ก.ค. 2559 33.7232 33.8123 34.5483
05 ก.ค. 2559 33.9181 33.9881 34.7917
06 ก.ค. 2559 34.4199 34.4824 35.3391
07 ก.ค. 2559 34.3800 34.4759 35.2457
08 ก.ค. 2559 34.4732 34.5728 35.3393
11 ก.ค. 2559 34.3567 34.4387 35.2251
12 ก.ค. 2559 33.6594 33.7450 34.5210
13 ก.ค. 2559 33.2790 33.3702 34.1025
14 ก.ค. 2559 33.1360 33.2223 33.9836
15 ก.ค. 2559 32.6334 32.7116 33.4689
20 ก.ค. 2559 32.5973 32.6932 33.4778
21 ก.ค. 2559 32.2384 32.3350 33.0268
22 ก.ค. 2559 32.5840 32.6755 33.4185
25 ก.ค. 2559 32.4538 32.5432 33.2491
26 ก.ค. 2559 33.0074 33.0970 33.8732
27 ก.ค. 2559 32.7825 32.8712 33.6390
28 ก.ค. 2559 32.8379 32.9242 33.6831
29 ก.ค. 2559 33.0667 33.1381 33.9376
01 ส.ค. 2559 33.4570 33.5452 34.2838
02 ส.ค. 2559 33.5404 33.6260 34.3654
03 ส.ค. 2559 33.9493 34.0428 34.8151
04 ส.ค. 2559 34.0847 34.1732 34.9521
05 ส.ค. 2559 33.9952 34.0840 34.8631
08 ส.ค. 2559 33.8192 33.9076 34.6862
09 ส.ค. 2559 33.6432 33.7410 34.5434
10 ส.ค. 2559 33.8330 33.9292 34.7194
11 ส.ค. 2559 33.8990 33.9988 34.7379
15 ส.ค. 2559 33.8077 33.8959 34.6829
16 ส.ค. 2559 33.8803 33.9671 34.7624
17 ส.ค. 2559 33.9656 34.0622 34.8514
18 ส.ค. 2559 34.1425 34.2175 35.0515
19 ส.ค. 2559 34.0479 34.1385 34.9231
22 ส.ค. 2559 34.0062 34.0894 34.8894
23 ส.ค. 2559 34.0818 34.1718 34.9795
24 ส.ค. 2559 34.0760 34.1684 34.9438
25 ส.ค. 2559 34.0016 34.0871 34.8720
26 ส.ค. 2559 33.9292 34.0110 34.8022
29 ส.ค. 2559 33.5129 33.5926 34.4124
30 ส.ค. 2559 33.4124 33.4970 34.2964
31 ส.ค. 2559 33.1599 33.2473 34.0312
01 ก.ย. 2559 33.0840 33.1702 33.9303
02 ก.ย. 2559 33.0329 33.1183 33.8769
05 ก.ย. 2559 32.9773 33.0622 33.8064
06 ก.ย. 2559 33.1209 33.2067 33.9489
07 ก.ย. 2559 33.5954 33.6789 34.4605
08 ก.ย. 2559 33.6175 33.7098 34.4740
09 ก.ย. 2559 33.5827 33.6700 34.4217
12 ก.ย. 2559 33.5639 33.6510 34.4137
13 ก.ย. 2559 33.8076 33.9022 34.6812
14 ก.ย. 2559 33.4898 33.5817 34.3425
15 ก.ย. 2559 33.6317 33.7105 34.5149
16 ก.ย. 2559 33.6763 33.7638 34.5470
19 ก.ย. 2559 33.6733 33.7638 34.5422
20 ก.ย. 2559 33.7117 33.8028 34.5773
21 ก.ย. 2559 33.6610 33.7416 34.5449
22 ก.ย. 2559 34.0819 34.1817 34.9568
23 ก.ย. 2559 33.8319 33.9252 34.6977
26 ก.ย. 2559 33.9167 33.9993 34.8020
27 ก.ย. 2559 33.9383 34.0350 34.8343
28 ก.ย. 2559 33.9452 34.0392 34.8508
29 ก.ย. 2559 33.7058 33.7985 34.5760
30 ก.ย. 2559 33.8243 33.9083 34.7041
03 ต.ค. 2559 33.6900 33.7853 34.5356
04 ต.ค. 2559 33.5151 33.5951 34.3570
05 ต.ค. 2559 33.3744 33.4609 34.2450
06 ต.ค. 2559 33.1999 33.2844 34.0283
07 ต.ค. 2559 33.1566 33.2467 34.0145
10 ต.ค. 2559 33.5336 33.6158 34.3616
11 ต.ค. 2559 33.4020 33.4543 34.2287
12 ต.ค. 2559 33.7946 33.8748 34.6596
13 ต.ค. 2559 33.8428 33.9409 34.6972
14 ต.ค. 2559 33.4477 33.5403 34.2664
17 ต.ค. 2559 33.5129 33.6008 34.3486
18 ต.ค. 2559 33.4026 33.4953 34.2319
19 ต.ค. 2559 33.2202 33.3165 34.0855
20 ต.ค. 2559 33.2548 33.3431 34.0478
21 ต.ค. 2559 33.2753 33.3701 34.0869
25 ต.ค. 2559 33.1062 33.2044 33.9338
26 ต.ค. 2559 33.0816 33.1743 33.9051
27 ต.ค. 2559 33.0890 33.1881 33.9390
28 ต.ค. 2559 32.9631 33.0561 33.7517
31 ต.ค. 2559 32.9704 33.0653 33.7726
01 พ.ย. 2559 32.9587 33.0515 33.7830
02 พ.ย. 2559 33.2478 33.3335 34.0753
03 พ.ย. 2559 33.3990 33.4996 34.2335
04 พ.ย. 2559 33.4708 33.5668 34.3040
07 พ.ย. 2559 33.1902 33.2849 34.0230
08 พ.ย. 2559 33.0360 33.1354 33.8885
09 พ.ย. 2559 33.4445 33.5397 34.3375
10 พ.ย. 2559 32.8310 32.9050 33.6286
11 พ.ย. 2559 32.6982 32.7925 33.5054
14 พ.ย. 2559 32.5497 32.6433 33.3536
15 พ.ย. 2559 32.3151 32.4097 33.1321
16 พ.ย. 2559 32.0932 32.1841 32.9566
17 พ.ย. 2559 32.0802 32.1775 32.9428
18 พ.ย. 2559 31.7808 31.8730 32.6006
21 พ.ย. 2559 31.6252 31.7088 32.4619
22 พ.ย. 2559 31.6355 31.7300 32.4824
23 พ.ย. 2559 31.5208 31.6175 32.3432
24 พ.ย. 2559 31.2682 31.3555 32.0512
25 พ.ย. 2559 30.9891 31.0796 31.7510
28 พ.ย. 2559 31.2968 31.3887 32.0665
29 พ.ย. 2559 31.3157 31.4044 32.0926
30 พ.ย. 2559 31.2708 31.3634 32.0408
01 ธ.ค. 2559 30.8211 30.9125 31.5980
02 ธ.ค. 2559 30.9025 30.9986 31.6793
06 ธ.ค. 2559 30.9175 31.0069 31.7163
07 ธ.ค. 2559 30.8258 30.9145 31.6172
08 ธ.ค. 2559 30.9320 31.0217 31.6786
09 ธ.ค. 2559 30.7680 30.8568 31.5053
13 ธ.ค. 2559 30.4984 30.5864 31.2628
14 ธ.ค. 2559 30.4650 30.5513 31.2243
15 ธ.ค. 2559 29.9905 30.0759 30.7548
16 ธ.ค. 2559 29.8781 29.9655 30.6211
19 ธ.ค. 2559 30.0776 30.1637 30.8260
20 ธ.ค. 2559 30.1627 30.2487 30.9244
21 ธ.ค. 2559 30.1516 30.2418 30.9519
22 ธ.ค. 2559 30.2112 30.2980 30.9607
23 ธ.ค. 2559 30.2477 30.3312 30.9801
26 ธ.ค. 2559 30.3046 30.3909 31.0600
27 ธ.ค. 2559 30.2566 30.3429 31.0088
28 ธ.ค. 2559 30.2248 30.3098 30.9769
29 ธ.ค. 2559 30.4044 30.4899 31.1518
30 ธ.ค. 2559 30.3662 30.4566 31.1335
04 ม.ค. 2560 30.0270 30.1039 30.7955
05 ม.ค. 2560 30.3078 30.3959 31.0675
06 ม.ค. 2560 30.3905 30.4754 31.1552
09 ม.ค. 2560 30.1105 30.1954 30.8597
10 ม.ค. 2560 30.3421 30.4165 31.1239
11 ม.ค. 2560 30.2725 30.3575 31.0248
12 ม.ค. 2560 30.3620 30.4479 31.1235
13 ม.ค. 2560 30.3787 30.4650 31.1334
16 ม.ค. 2560 30.6019 30.6834 31.3681
17 ม.ค. 2560 30.6510 30.7314 31.4504
18 ม.ค. 2560 30.8019 30.8765 31.6034
19 ม.ค. 2560 30.4775 30.5588 31.2262
20 ม.ค. 2560 30.3907 30.4765 31.1760
23 ม.ค. 2560 30.6175 30.6958 31.3946
24 ม.ค. 2560 30.7417 30.8230 31.5496
25 ม.ค. 2560 30.5784 30.6603 31.3893
26 ม.ค. 2560 30.6290 30.7128 31.4069
27 ม.ค. 2560 30.2950 30.3808 31.1049
30 ม.ค. 2560 30.3539 30.4335 31.1747
31 ม.ค. 2560 30.5397 30.6195 31.3351
01 ก.พ. 2560 30.6282 30.7084 31.4513
02 ก.พ. 2560 30.5950 30.6849 31.3849
03 ก.พ. 2560 30.6395 30.7404 31.4783
06 ก.พ. 2560 30.6987 30.7810 31.5209
07 ก.พ. 2560 30.8553 30.9391 31.6795
08 ก.พ. 2560 30.7547 30.8320 31.5992
09 ก.พ. 2560 30.7651 30.8414 31.5700
10 ก.พ. 2560 30.3745 30.4634 31.2191
14 ก.พ. 2560 30.4016 30.4821 31.2352
15 ก.พ. 2560 30.1980 30.2765 31.0143
16 ก.พ. 2560 30.2704 30.3489 31.0611
17 ก.พ. 2560 30.4067 30.4869 31.2072
20 ก.พ. 2560 30.5193 30.6060 31.3577
21 ก.พ. 2560 30.4384 30.5221 31.2432
22 ก.พ. 2560 30.4007 30.4796 31.2209
23 ก.พ. 2560 30.4846 30.5619 31.2530
24 ก.พ. 2560 30.5563 30.6376 31.3302
27 ก.พ. 2560 30.6481 30.7377 31.4582
28 ก.พ. 2560 30.5205 30.5984 31.3483
01 มี.ค. 2560 30.4469 30.5232 31.2889
02 มี.ค. 2560 30.2587 30.3368 31.1344
03 มี.ค. 2560 30.2335 30.3128 31.0842
06 มี.ค. 2560 30.3288 30.4143 31.1701
07 มี.ค. 2560 30.2974 30.3840 31.1684
08 มี.ค. 2560 30.4557 30.5321 31.2970
09 มี.ค. 2560 30.4005 30.4769 31.2548
10 มี.ค. 2560 30.2618 30.3398 31.0851
13 มี.ค. 2560 30.3203 30.4021 31.1240
14 มี.ค. 2560 30.3127 30.3905 31.0828
15 มี.ค. 2560 30.2953 30.3803 31.1121
16 มี.ค. 2560 30.4761 30.5557 31.3653
17 มี.ค. 2560 30.3596 30.4474 31.1851
20 มี.ค. 2560 30.4000 30.4843 31.2167
21 มี.ค. 2560 30.3961 30.4716 31.2344
22 มี.ค. 2560 30.6539 30.7389 31.4789
23 มี.ค. 2560 30.5877 30.6753 31.4612
24 มี.ค. 2560 30.6849 30.7650 31.5227
27 มี.ค. 2560 30.8043 30.8852 31.6180
28 มี.ค. 2560 30.6625 30.7439 31.4830
29 มี.ค. 2560 30.5917 30.6748 31.4163
30 มี.ค. 2560 30.5473 30.6272 31.3708
31 มี.ค. 2560 30.3368 30.4166 31.1274
03 เม.ย. 2560 30.3838 30.4620 31.1591
04 เม.ย. 2560 30.6605 30.7410 31.4598
05 เม.ย. 2560 30.7272 30.8108 31.5093
07 เม.ย. 2560 30.9084 30.9857 31.6694
10 เม.ย. 2560 30.6475 30.7262 31.4395
11 เม.ย. 2560 30.8172 30.9030 31.6240
12 เม.ย. 2560 31.0804 31.1620 31.9084
17 เม.ย. 2560 31.1900 31.2812 32.0388
18 เม.ย. 2560 31.0730 31.1561 31.9295
19 เม.ย. 2560 31.1479 31.2298 32.0115
20 เม.ย. 2560 31.0922 31.1820 31.9470
21 เม.ย. 2560 31.0266 31.1098 31.8861
24 เม.ย. 2560 30.7727 30.8532 31.6175
25 เม.ย. 2560 30.8167 30.8832 31.6316
26 เม.ย. 2560 30.5085 30.5853 31.3172
27 เม.ย. 2560 30.5865 30.6682 31.3709
28 เม.ย. 2560 30.7185 30.7974 31.5033
02 พ.ค. 2560 30.4251 30.5070 31.2282
03 พ.ค. 2560 30.3022 30.3825 31.1055
04 พ.ค. 2560 30.2197 30.2977 31.0324
05 พ.ค. 2560 30.3358 30.4176 31.1421
08 พ.ค. 2560 30.2902 30.3708 31.1190
09 พ.ค. 2560 30.1573 30.2387 30.9866
11 พ.ค. 2560 30.0264 30.1130 30.8270
12 พ.ค. 2560 30.0553 30.1382 30.8832
15 พ.ค. 2560 30.0794 30.1613 30.8937
16 พ.ค. 2560 29.9314 30.0153 30.7402
17 พ.ค. 2560 30.1699 30.2518 30.9904
18 พ.ค. 2560 30.5879 30.6712 31.4514
19 พ.ค. 2560 30.5761 30.6580 31.4336
22 พ.ค. 2560 30.3953 30.4762 31.2255
23 พ.ค. 2560 30.4871 30.5671 31.3030
24 พ.ค. 2560 30.3588 30.4371 31.1922
25 พ.ค. 2560 30.2372 30.3216 31.0704
26 พ.ค. 2560 30.0882 30.1622 30.8911
29 พ.ค. 2560 30.1760 30.2564 30.9811
30 พ.ค. 2560 30.3306 30.4122 31.1278
31 พ.ค. 2560 30.2909 30.3675 31.0979
01 มิ.ย. 2560 30.2733 30.3541 31.1402
02 มิ.ย. 2560 30.1795 30.2597 31.0173
05 มิ.ย. 2560 30.3445 30.4278 31.1846
06 มิ.ย. 2560 30.4608 30.5440 31.3094
07 มิ.ย. 2560 30.5633 30.6470 31.4292
08 มิ.ย. 2560 30.5568 30.6289 31.3999
09 มิ.ย. 2560 30.4197 30.5020 31.2688
12 มิ.ย. 2560 30.4631 30.5384 31.2931
13 มิ.ย. 2560 30.4390 30.5222 31.2884
14 มิ.ย. 2560 30.3653 30.4453 31.1820
15 มิ.ย. 2560 30.4449 30.5335 31.2974
16 มิ.ย. 2560 30.1515 30.2311 30.9797
19 มิ.ย. 2560 30.1140 30.1973 30.9370
20 มิ.ย. 2560 29.9987 30.0770 30.7932
21 มิ.ย. 2560 30.0880 30.1741 30.9274
22 มิ.ย. 2560 30.1138 30.1966 30.9265
23 มิ.ย. 2560 30.0835 30.1660 30.8551
26 มิ.ย. 2560 30.0604 30.1380 30.8459
27 มิ.ย. 2560 29.9474 30.0276 30.7324
28 มิ.ย. 2560 29.8656 29.9430 30.6376
29 มิ.ย. 2560 29.8082 29.8909 30.6068
30 มิ.ย. 2560 29.9317 30.0186 30.7136
03 ก.ค. 2560 29.7750 29.8622 30.5810
04 ก.ค. 2560 29.6104 29.6897 30.4126
05 ก.ค. 2560 29.6208 29.7077 30.4550
06 ก.ค. 2560 29.6697 29.7445 30.4729
07 ก.ค. 2560 29.5856 29.6669 30.3869
11 ก.ค. 2560 29.4207 29.5056 30.2242
12 ก.ค. 2560 29.5069 29.5873 30.2966
13 ก.ค. 2560 29.5691 29.6507 30.3444
14 ก.ค. 2560 29.4697 29.5502 30.2712
17 ก.ค. 2560 29.5180 29.5978 30.3103
18 ก.ค. 2560 29.4937 29.5717 30.3026
19 ก.ค. 2560 29.5785 29.6576 30.3817
20 ก.ค. 2560 29.5891 29.6700 30.3753
21 ก.ค. 2560 29.5269 29.6112 30.3031
24 ก.ค. 2560 29.6845 29.7701 30.4719
25 ก.ค. 2560 29.6256 29.7117 30.4364
26 ก.ค. 2560 29.5025 29.5858 30.2856
27 ก.ค. 2560 29.5838 29.6696 30.3669
31 ก.ค. 2560 29.6914 29.7816 30.5045
01 ส.ค. 2560 29.7212 29.8087 30.5289
02 ส.ค. 2560 29.6679 29.7493 30.4709
03 ส.ค. 2560 29.6355 29.7150 30.4555
04 ส.ค. 2560 29.7505 29.8298 30.5751
07 ส.ค. 2560 29.6164 29.6929 30.4252
08 ส.ค. 2560 29.6128 29.6921 30.4303
09 ส.ค. 2560 29.8002 29.8840 30.6454
10 ส.ค. 2560 29.7602 29.8388 30.5795
11 ส.ค. 2560 30.0337 30.1120 30.8317
15 ส.ค. 2560 29.7389 29.8177 30.5466
16 ส.ค. 2560 29.6189 29.7089 30.4346
17 ส.ค. 2560 29.8415 29.9162 30.6564
18 ส.ค. 2560 29.9292 30.0138 30.7822
21 ส.ค. 2560 29.9823 30.0573 30.7951
22 ส.ค. 2560 30.0194 30.1032 30.8195
23 ส.ค. 2560 29.9507 30.0286 30.7470
24 ส.ค. 2560 30.1209 30.1997 30.9132
25 ส.ค. 2560 29.9969 30.0792 30.7921
28 ส.ค. 2560 30.0161 30.0948 30.8207
29 ส.ค. 2560 30.0855 30.1679 30.8966
30 ส.ค. 2560 29.8307 29.9071 30.6124
31 ส.ค. 2560 29.6536 29.7297 30.4464
01 ก.ย. 2560 29.7134 29.7916 30.5122
04 ก.ย. 2560 29.8010 29.8856 30.6258
05 ก.ย. 2560 29.8696 29.9490 30.6663
06 ก.ย. 2560 30.0379 30.1158 30.8574
07 ก.ย. 2560 29.9316 30.0128 30.7323
08 ก.ย. 2560 30.1384 30.2151 30.9444
11 ก.ย. 2560 30.0951 30.1803 30.9397
12 ก.ย. 2560 29.8394 29.9214 30.6780
13 ก.ย. 2560 29.6200 29.7019 30.4373
14 ก.ย. 2560 29.5228 29.6046 30.3371
15 ก.ย. 2560 29.5416 29.6208 30.3429
18 ก.ย. 2560 29.3126 29.3934 30.1189
19 ก.ย. 2560 29.2356 29.3069 30.0269
20 ก.ย. 2560 29.2320 29.3110 30.0315
21 ก.ย. 2560 29.0310 29.1099 29.8119
22 ก.ย. 2560 29.1050 29.1876 29.9024
25 ก.ย. 2560 29.0229 29.1065 29.8334
26 ก.ย. 2560 29.2431 29.3250 30.0643
27 ก.ย. 2560 29.1524 29.2341 29.9465
28 ก.ย. 2560 29.1318 29.2108 29.9374
29 ก.ย. 2560 29.1961 29.2731 30.0127
02 ต.ค. 2560 29.1453 29.2260 29.9505
03 ต.ค. 2560 29.1907 29.2738 30.0161
04 ต.ค. 2560 29.2021 29.2823 29.9920
05 ต.ค. 2560 29.1629 29.2450 29.9654
06 ต.ค. 2560 29.1759 29.2583 29.9630
09 ต.ค. 2560 29.2205 29.2996 30.0202
10 ต.ค. 2560 29.1644 29.2449 29.9721
11 ต.ค. 2560 29.1197 29.1985 29.9252
12 ต.ค. 2560 29.0716 29.1507 29.8681
16 ต.ค. 2560 29.0886 29.1708 29.9011
17 ต.ค. 2560 29.0774 29.1578 29.8677
18 ต.ค. 2560 29.0483 29.1324 29.8543
19 ต.ค. 2560 28.9183 28.9948 29.7146
20 ต.ค. 2560 28.8906 28.9675 29.6984
24 ต.ค. 2560 28.8107 28.8885 29.6034
25 ต.ค. 2560 28.7330 28.8122 29.5395
27 ต.ค. 2560 28.7176 28.7978 29.5214
30 ต.ค. 2560 28.8128 28.8972 29.5966
31 ต.ค. 2560 28.9327 29.0148 29.7170
01 พ.ย. 2560 28.7330 28.8089 29.5263
02 พ.ย. 2560 28.6431 28.7156 29.4124
03 พ.ย. 2560 28.6094 28.6890 29.4117
06 พ.ย. 2560 28.5439 28.6216 29.3334
07 พ.ย. 2560 28.6566 28.7371 29.4415
08 พ.ย. 2560 28.6822 28.7608 29.4864
09 พ.ย. 2560 28.6185 28.6991 29.4450
10 พ.ย. 2560 28.7324 28.8137 29.5451
13 พ.ย. 2560 28.6996 28.7833 29.4916
14 พ.ย. 2560 28.6766 28.7569 29.4526
15 พ.ย. 2560 28.7336 28.8137 29.5230
16 พ.ย. 2560 28.7886 28.8687 29.5984
17 พ.ย. 2560 28.7462 28.8252 29.5331
20 พ.ย. 2560 28.8148 28.8967 29.6171
21 พ.ย. 2560 28.7413 28.8204 29.5364
22 พ.ย. 2560 28.7490 28.8255 29.5497
23 พ.ย. 2560 28.9590 29.0412 29.7799
24 พ.ย. 2560 28.9138 28.9933 29.7101
27 พ.ย. 2560 28.8770 28.9608 29.6697
28 พ.ย. 2560 28.9040 28.9912 29.7205
29 พ.ย. 2560 28.7779 28.8595 29.5684
30 พ.ย. 2560 28.6668 28.7448 29.4767
01 ธ.ค. 2560 28.5900 28.6687 29.4087
04 ธ.ค. 2560 28.5290 28.6074 29.3325
06 ธ.ค. 2560 28.5897 28.6671 29.3846
07 ธ.ค. 2560 28.5901 28.6676 29.3885
08 ธ.ค. 2560 28.3568 28.4341 29.1686
12 ธ.ค. 2560 28.2289 28.3122 29.0754
13 ธ.ค. 2560 28.3031 28.3846 29.1229
14 ธ.ค. 2560 28.3654 28.4497 29.2054
15 ธ.ค. 2560 28.5095 28.5864 29.3365
18 ธ.ค. 2560 28.4498 28.5338 29.2680
19 ธ.ค. 2560 28.6291 28.7123 29.4801
20 ธ.ค. 2560 28.5255 28.6038 29.3648
21 ธ.ค. 2560 28.4165 28.4944 29.2525
22 ธ.ค. 2560 28.4229 28.5007 29.2419
25 ธ.ค. 2560 28.4680 28.5463 29.2485
26 ธ.ค. 2560 28.4658 28.5462 29.2622
27 ธ.ค. 2560 28.5139 28.5967 29.3337
28 ธ.ค. 2560 28.4361 28.5140 29.2649
29 ธ.ค. 2560 28.5177 28.5982 29.3630
03 ม.ค. 2561 28.4334 28.5112 29.2502
04 ม.ค. 2561 28.2417 28.3220 29.0412
05 ม.ค. 2561 28.0912 28.1730 28.9119
08 ม.ค. 2561 27.9614 28.0426 28.7842
09 ม.ค. 2561 28.1183 28.1981 28.9350
10 ม.ค. 2561 28.2805 28.3592 29.0787
11 ม.ค. 2561 28.2973 28.3795 29.1037
12 ม.ค. 2561 28.2469 28.3276 29.0762
15 ม.ค. 2561 28.3725 28.4536 29.1737
16 ม.ค. 2561 28.3812 28.4591 29.1847
17 ม.ค. 2561 28.4294 28.5121 29.2332
18 ม.ค. 2561 28.2954 28.3751 29.0749
19 ม.ค. 2561 28.2787 28.3585 29.0749
22 ม.ค. 2561 28.3325 28.4156 29.1440
23 ม.ค. 2561 28.2382 28.3185 29.0543
24 ม.ค. 2561 28.3743 28.4546 29.1831
25 ม.ค. 2561 28.3490 28.4292 29.1802
26 ม.ค. 2561 28.2243 28.3043 29.0677
29 ม.ค. 2561 28.3682 28.4481 29.1641
30 ม.ค. 2561 28.4554 28.5366 29.2559
31 ม.ค. 2561 28.3778 28.4597 29.2012
01 ก.พ. 2561 28.2220 28.3042 29.0718
02 ก.พ. 2561 28.1691 28.2489 28.9825
05 ก.พ. 2561 28.2060 28.2862 29.0221
06 ก.พ. 2561 28.6094 28.6824 29.3915
07 ก.พ. 2561 28.3367 28.4178 29.1553
08 ก.พ. 2561 28.5072 28.5911 29.3511
09 ก.พ. 2561 28.7849 28.8616 29.5945
12 ก.พ. 2561 28.6583 28.7473 29.4799
13 ก.พ. 2561 28.5920 28.6828 29.4338
14 ก.พ. 2561 28.7887 28.8715 29.6009
15 ก.พ. 2561 28.8556 28.9357 29.7000
16 ก.พ. 2561 28.9884 29.0800 29.8364
19 ก.พ. 2561 28.9820 29.0618 29.8071
20 ก.พ. 2561 28.9824 29.0597 29.7982
21 ก.พ. 2561 28.8475 28.9250 29.6700
22 ก.พ. 2561 28.9673 29.0426 29.7842
23 ก.พ. 2561 28.9814 29.0566 29.8184
26 ก.พ. 2561 28.9892 29.0632 29.7643
27 ก.พ. 2561 28.8144 28.8963 29.6332
28 ก.พ. 2561 28.8660 28.9467 29.7186
02 มี.ค. 2561 29.1687 29.2509 30.0104
05 มี.ค. 2561 29.2867 29.3730 30.1590
06 มี.ค. 2561 29.0727 29.1470 29.9242
07 มี.ค. 2561 29.1537 29.2357 30.0424
08 มี.ค. 2561 29.0716 29.1517 29.8729
09 มี.ค. 2561 28.9253 29.0052 29.7374
12 มี.ค. 2561 28.8514 28.9332 29.6999
13 มี.ค. 2561 28.8648 28.9582 29.7458
14 มี.ค. 2561 28.8026 28.8824 29.6473
15 มี.ค. 2561 28.9293 29.0166 29.7819
16 มี.ค. 2561 28.9933 29.0767 29.8470
19 มี.ค. 2561 29.0464 29.1329 29.9164
20 มี.ค. 2561 28.9233 29.0019 29.7957
21 มี.ค. 2561 28.8623 28.9398 29.7148
22 มี.ค. 2561 29.0097 29.0964 29.9018
23 มี.ค. 2561 29.3119 29.3955 30.2121
26 มี.ค. 2561 29.2104 29.2941 30.1292
27 มี.ค. 2561 29.0447 29.1303 29.8500
28 มี.ค. 2561 29.0962 29.1823 29.9306
29 มี.ค. 2561 28.8403 28.9162 29.7013
30 มี.ค. 2561 28.9252 29.0073 29.7795
02 เม.ย. 2561 28.8381 28.9236 29.7167
03 เม.ย. 2561 29.0177 29.0968 29.8316
04 เม.ย. 2561 28.8433 28.9229 29.6835
05 เม.ย. 2561 28.7239 28.8081 29.6130
09 เม.ย. 2561 28.7447 28.8257 29.5999
10 เม.ย. 2561 28.7510 28.8284 29.6273
11 เม.ย. 2561 28.6853 28.7661 29.4964
12 เม.ย. 2561 28.6840 28.7653 29.5122
17 เม.ย. 2561 28.6391 28.7281 29.5231
18 เม.ย. 2561 28.6285 28.7137 29.4979
19 เม.ย. 2561 28.6236 28.6941 29.4567
20 เม.ย. 2561 28.5830 28.6658 29.4461
23 เม.ย. 2561 28.6486 28.7295 29.4909
24 เม.ย. 2561 28.4954 28.5781 29.3653
25 เม.ย. 2561 28.4072 28.4899 29.2776
26 เม.ย. 2561 28.4047 28.4840 29.2755
27 เม.ย. 2561 28.4532 28.5369 29.3381
30 เม.ย. 2561 28.3824 28.4631 29.2584
02 พ.ค. 2561 28.4263 28.5023 29.2788
03 พ.ค. 2561 28.4375 28.5230 29.3125
04 พ.ค. 2561 28.5482 28.6227 29.3957
07 พ.ค. 2561 28.6680 28.7551 29.5338
08 พ.ค. 2561 28.8014 28.8786 29.6252
09 พ.ค. 2561 28.8206 28.9000 29.6743
10 พ.ค. 2561 28.8274 28.9002 29.6612
11 พ.ค. 2561 28.7513 28.8273 29.5882
14 พ.ค. 2561 28.6324 28.7135 29.5090
15 พ.ค. 2561 28.5922 28.6691 29.4176
16 พ.ค. 2561 28.6636 28.7415 29.4905
17 พ.ค. 2561 28.5791 28.6602 29.4140
18 พ.ค. 2561 28.4694 28.5514 29.3306
21 พ.ค. 2561 28.5181 28.6000 29.3741
22 พ.ค. 2561 28.4719 28.5539 29.3526
23 พ.ค. 2561 28.5611 28.6433 29.4125
24 พ.ค. 2561 28.8560 28.9427 29.6827
25 พ.ค. 2561 28.7780 28.8584 29.6193
28 พ.ค. 2561 28.6701 28.7517 29.5383
30 พ.ค. 2561 29.0954 29.1765 29.9283
31 พ.ค. 2561 28.9961 29.0765 29.8502
01 มิ.ย. 2561 28.9425 29.0210 29.7687
04 มิ.ย. 2561 28.7217 28.8016 29.5812
05 มิ.ย. 2561 28.6541 28.7361 29.4880
06 มิ.ย. 2561 28.5770 28.6564 29.4237
07 มิ.ย. 2561 28.5258 28.6040 29.3665
08 มิ.ย. 2561 28.7121 28.7953 29.5849
11 มิ.ย. 2561 28.7638 28.8456 29.6378
12 มิ.ย. 2561 28.5978 28.6847 29.4781
13 มิ.ย. 2561 28.5868 28.6676 29.4502
14 มิ.ย. 2561 28.6710 28.7582 29.5525
15 มิ.ย. 2561 28.8053 28.8787 29.6483
18 มิ.ย. 2561 29.1266 29.2065 29.9583
19 มิ.ย. 2561 29.2668 29.3572 30.1432
20 มิ.ย. 2561 29.2597 29.3368 30.1261
21 มิ.ย. 2561 29.2864 29.3670 30.1577
22 มิ.ย. 2561 29.4516 29.5318 30.2914
25 มิ.ย. 2561 29.6020 29.6840 30.4811
26 มิ.ย. 2561 29.5984 29.6821 30.4659
27 มิ.ย. 2561 29.5780 29.6567 30.4194
28 มิ.ย. 2561 29.5407 29.6190 30.3757
29 มิ.ย. 2561 29.5366 29.6145 30.3658
02 ก.ค. 2561 29.3628 29.4433 30.2035
03 ก.ค. 2561 29.4566 29.5390 30.3398
04 ก.ค. 2561 29.5406 29.6203 30.3936
05 ก.ค. 2561 29.5846 29.6686 30.4573
06 ก.ค. 2561 29.5433 29.6269 30.3668
09 ก.ค. 2561 29.5158 29.6006 30.3598
10 ก.ค. 2561 29.3365 29.4242 30.2035
11 ก.ค. 2561 29.5246 29.6055 30.3671
12 ก.ค. 2561 29.2294 29.3110 30.0695
13 ก.ค. 2561 29.0565 29.1337 29.8869
16 ก.ค. 2561 29.1185 29.2073 29.9772
17 ก.ค. 2561 29.1099 29.1993 29.9575
18 ก.ค. 2561 29.0606 29.1397 29.8746
19 ก.ค. 2561 29.1252 29.2067 29.9590
20 ก.ค. 2561 29.3146 29.3931 30.1105
23 ก.ค. 2561 29.5502 29.6352 30.4157
24 ก.ค. 2561 29.6156 29.7061 30.4657
25 ก.ค. 2561 29.5233 29.6005 30.3799
26 ก.ค. 2561 29.5306 29.6179 30.3578
31 ก.ค. 2561 29.5196 29.6086 30.3872
01 ส.ค. 2561 29.2302 29.3156 30.0779
02 ส.ค. 2561 29.2315 29.3182 30.1005
03 ส.ค. 2561 29.3768 29.4639 30.2095
06 ส.ค. 2561 29.3856 29.4748 30.2525
07 ส.ค. 2561 29.4626 29.5438 30.3383
08 ส.ค. 2561 29.3629 29.4407 30.2146
09 ส.ค. 2561 29.4383 29.5268 30.3207
10 ส.ค. 2561 29.5013 29.5815 30.3677
14 ส.ค. 2561 29.6184 29.7040 30.4450
15 ส.ค. 2561 29.4685 29.5571 30.3141
16 ส.ค. 2561 29.5769 29.6624 30.4521
17 ส.ค. 2561 29.4849 29.5644 30.3351
20 ส.ค. 2561 29.5226 29.6063 30.3994
21 ส.ค. 2561 29.3428 29.4303 30.2574
22 ส.ค. 2561 29.1960 29.2678 30.0642
23 ส.ค. 2561 29.1284 29.2123 29.9880
24 ส.ค. 2561 29.0099 29.0906 29.8440
27 ส.ค. 2561 28.8565 28.9421 29.7155
28 ส.ค. 2561 28.7945 28.8760 29.6271
29 ส.ค. 2561 28.9175 28.9943 29.7384
30 ส.ค. 2561 28.8034 28.8930 29.6643
31 ส.ค. 2561 29.0449 29.1218 29.8700
03 ก.ย. 2561 29.0429 29.1231 29.9235
04 ก.ย. 2561 28.9885 29.0711 29.8473
05 ก.ย. 2561 28.9310 29.0128 29.7896
06 ก.ย. 2561 28.9968 29.0793 29.8361
07 ก.ย. 2561 29.1972 29.2776 30.0166
10 ก.ย. 2561 29.1307 29.2135 29.9979
11 ก.ย. 2561 29.0198 29.1069 29.8281
12 ก.ย. 2561 28.9759 29.0564 29.8024
13 ก.ย. 2561 28.8144 28.8943 29.6587
14 ก.ย. 2561 28.6455 28.7270 29.4849
17 ก.ย. 2561 28.6946 28.7792 29.5522
18 ก.ย. 2561 28.7061 28.7865 29.5108
19 ก.ย. 2561 28.5364 28.6148 29.3553
20 ก.ย. 2561 28.3684 28.4534 29.2284
21 ก.ย. 2561 28.3004 28.3829 29.1567
24 ก.ย. 2561 28.4016 28.4760 29.2150
25 ก.ย. 2561 28.3029 28.3815 29.1054
26 ก.ย. 2561 28.2805 28.3620 29.0897
27 ก.ย. 2561 28.3071 28.3858 29.1226
28 ก.ย. 2561 28.0855 28.1676 28.9234
01 ต.ค. 2561 27.8800 27.9626 28.7038
02 ต.ค. 2561 27.9256 27.9975 28.7610
03 ต.ค. 2561 28.0032 28.0818 28.8353
04 ต.ค. 2561 28.0311 28.1131 28.8932
05 ต.ค. 2561 28.2768 28.3560 29.1305
08 ต.ค. 2561 28.4095 28.4921 29.2596
09 ต.ค. 2561 28.6159 28.6966 29.4765
10 ต.ค. 2561 28.6283 28.7114 29.4630
11 ต.ค. 2561 28.8648 28.9456 29.7021
12 ต.ค. 2561 28.6638 28.7448 29.4792
16 ต.ค. 2561 28.6862 28.7695 29.5334
17 ต.ค. 2561 28.5178 28.5960 29.3384
18 ต.ค. 2561 28.5028 28.5811 29.3227
19 ต.ค. 2561 28.5846 28.6528 29.3910
22 ต.ค. 2561 28.5068 28.5853 29.3440
24 ต.ค. 2561 28.6938 28.7767 29.5490
25 ต.ค. 2561 28.9241 29.0083 29.7726
26 ต.ค. 2561 28.8847 28.9684 29.7857
29 ต.ค. 2561 29.1123 29.1930 29.9689
30 ต.ค. 2561 29.0500 29.1371 29.9391
31 ต.ค. 2561 28.9062 28.9876 29.7795
01 พ.ย. 2561 28.8149 28.8935 29.6488
02 พ.ย. 2561 28.7073 28.7887 29.5380
05 พ.ย. 2561 28.6059 28.6853 29.4303
06 พ.ย. 2561 28.6215 28.7071 29.4643
07 พ.ย. 2561 28.5616 28.6400 29.3969
08 พ.ย. 2561 28.4498 28.5278 29.2702
09 พ.ย. 2561 28.5014 28.5837 29.3505
12 พ.ย. 2561 28.5441 28.6280 29.4064
13 พ.ย. 2561 28.5552 28.6375 29.4174
14 พ.ย. 2561 28.4345 28.5056 29.2626
15 พ.ย. 2561 28.5167 28.5988 29.3283
16 พ.ย. 2561 28.6147 28.6955 29.4462
19 พ.ย. 2561 28.7338 28.8309 29.5823
20 พ.ย. 2561 28.7965 28.8852 29.6542
21 พ.ย. 2561 28.8010 28.8974 29.6391
22 พ.ย. 2561 28.6478 28.7497 29.5299
23 พ.ย. 2561 28.7294 28.8272 29.5842
26 พ.ย. 2561 28.7447 28.8438 29.6020
27 พ.ย. 2561 28.6653 28.7545 29.4683
28 พ.ย. 2561 28.5841 28.6770 29.4046
29 พ.ย. 2561 28.5156 28.6204 29.3368
30 พ.ย. 2561 28.5471 28.6527 29.3875
03 ธ.ค. 2561 28.4264 28.5239 29.2788
04 ธ.ค. 2561 28.3853 28.4870 29.2584
06 ธ.ค. 2561 28.6097 28.7084 29.4483
07 ธ.ค. 2561 28.6203 28.7245 29.4702
11 ธ.ค. 2561 28.5463 28.6547 29.4107
12 ธ.ค. 2561 28.3844 28.4903 29.2489
13 ธ.ค. 2561 28.3696 28.4751 29.2118
14 ธ.ค. 2561 28.3908 28.4889 29.2238
17 ธ.ค. 2561 28.4135 28.5126 29.2790
18 ธ.ค. 2561 28.5403 28.6484 29.4086
19 ธ.ค. 2561 28.5787 28.6876 29.4457
20 ธ.ค. 2561 28.6463 28.7529 29.5215
21 ธ.ค. 2561 28.8507 28.9513 29.7070
24 ธ.ค. 2561 28.8982 28.9914 29.7638
25 ธ.ค. 2561 29.0708 29.1641 29.9449
26 ธ.ค. 2561 29.0170 29.1010 29.8691
27 ธ.ค. 2561 28.8398 28.9493 29.7290
28 ธ.ค. 2561 28.8152 28.9215 29.6963
02 ม.ค. 2562 29.0807 29.1853 29.9309
03 ม.ค. 2562 29.5016 29.6156 30.4370
04 ม.ค. 2562 29.2681 29.3599 30.1487
07 ม.ค. 2562 28.9088 29.0296 29.8765
08 ม.ค. 2562 28.9556 29.0635 29.8232
09 ม.ค. 2562 28.9435 29.0506 29.8158
10 ม.ค. 2562 29.0670 29.1753 29.9630
11 ม.ค. 2562 28.9977 29.0892 29.8429
14 ม.ค. 2562 28.9845 29.0912 29.8636
15 ม.ค. 2562 28.9067 29.0131 29.7663
16 ม.ค. 2562 28.8831 28.9808 29.7091
17 ม.ค. 2562 28.5603 28.6626 29.3931
18 ม.ค. 2562 28.5110 28.6114 29.3549
21 ม.ค. 2562 28.4895 28.5917 29.3468
22 ม.ค. 2562 28.5602 28.6537 29.3967
23 ม.ค. 2562 28.5016 28.6008 29.3291
24 ม.ค. 2562 28.4583 28.5661 29.2961
25 ม.ค. 2562 28.4032 28.5105 29.2380
28 ม.ค. 2562 28.3108 28.4136 29.1629
29 ม.ค. 2562 28.3956 28.5020 29.2642
30 ม.ค. 2562 28.2823 28.3935 29.1529
31 ม.ค. 2562 28.1890 28.3027 29.0801
01 ก.พ. 2562 28.2965 28.4030 29.1534
04 ก.พ. 2562 28.0749 28.1881 28.9614
05 ก.พ. 2562 27.9803 28.0914 28.8561
06 ก.พ. 2562 27.9768 28.0780 28.8380
07 ก.พ. 2562 28.0149 28.1115 28.8382
08 ก.พ. 2562 28.0565 28.1612 28.9207
11 ก.พ. 2562 28.1064 28.2170 28.9747
12 ก.พ. 2562 27.9377 28.0448 28.7781
13 ก.พ. 2562 27.8128 27.9101 28.6289
14 ก.พ. 2562 27.8172 27.9177 28.6346
15 ก.พ. 2562 27.8978 27.9996 28.7345
18 ก.พ. 2562 27.7815 27.8854 28.6192
20 ก.พ. 2562 27.6215 27.7190 28.4350
21 ก.พ. 2562 27.6506 27.7543 28.4796
22 ก.พ. 2562 27.7626 27.8692 28.5943
25 ก.พ. 2562 27.7945 27.9043 28.6404
26 ก.พ. 2562 27.6859 27.8088 28.5850
27 ก.พ. 2562 27.9140 28.0183 28.7677
28 ก.พ. 2562 27.9338 28.0361 28.7622
01 มี.ค. 2562 27.8632 27.9627 28.6785
04 มี.ค. 2562 27.9007 28.0093 28.7548
05 มี.ค. 2562 28.0145 28.1205 28.8624
06 มี.ค. 2562 27.9966 28.1002 28.8232
07 มี.ค. 2562 28.0842 28.1849 28.8944
08 มี.ค. 2562 28.0933 28.1999 28.9286
11 มี.ค. 2562 28.0717 28.1793 28.9242
12 มี.ค. 2562 27.9424 28.0496 28.7974
13 มี.ค. 2562 27.9872 28.0890 28.8190
14 มี.ค. 2562 27.9160 28.0299 28.7714
15 มี.ค. 2562 27.9386 28.0421 28.7630
18 มี.ค. 2562 27.9301 28.0282 28.7403
19 มี.ค. 2562 27.9565 28.0656 28.8239
20 มี.ค. 2562 27.9426 28.0419 28.7741
21 มี.ค. 2562 28.1043 28.2183 28.9716
22 มี.ค. 2562 28.1856 28.2875 29.0249
25 มี.ค. 2562 28.2902 28.3988 29.1352
26 มี.ค. 2562 28.1653 28.2767 29.0339
27 มี.ค. 2562 28.2156 28.3159 29.0487
28 มี.ค. 2562 28.4680 28.5630 29.2766
29 มี.ค. 2562 28.2748 28.3708 29.0704
01 เม.ย. 2562 28.0359 28.1488 28.9013
02 เม.ย. 2562 27.9929 28.1119 28.8704
03 เม.ย. 2562 28.0143 28.1213 28.8670
04 เม.ย. 2562 28.0285 28.1314 28.8539
05 เม.ย. 2562 28.0367 28.1441 28.8710
09 เม.ย. 2562 28.1408 28.2467 28.9693
10 เม.ย. 2562 28.1037 28.2253 28.9991
11 เม.ย. 2562 28.1212 28.2291 28.9643
12 เม.ย. 2562 27.9855 28.1003 28.8553
17 เม.ย. 2562 27.9323 28.0335 28.7642
18 เม.ย. 2562 27.9377 28.0386 28.7685
19 เม.ย. 2562 27.9502 28.0560 28.7708
22 เม.ย. 2562 27.9872 28.0944 28.8214
23 เม.ย. 2562 28.0515 28.1592 28.8893
24 เม.ย. 2562 28.1334 28.2361 28.9534
25 เม.ย. 2562 28.1488 28.2541 28.9618
26 เม.ย. 2562 28.1864 28.2931 29.0227
29 เม.ย. 2562 28.1135 28.2188 28.9333
30 เม.ย. 2562 28.1826 28.2799 28.9765
02 พ.ค. 2562 28.1865 28.2864 29.0197
03 พ.ค. 2562 28.2551 28.3680 29.1103
07 พ.ค. 2562 28.3389 28.4446 29.1992
08 พ.ค. 2562 28.4525 28.5548 29.2949
09 พ.ค. 2562 28.4593 28.5627 29.2825
10 พ.ค. 2562 28.3538 28.4573 29.1801
13 พ.ค. 2562 28.3429 28.4495 29.1774
14 พ.ค. 2562 28.3305 28.4348 29.1845
15 พ.ค. 2562 28.2893 28.3959 29.1326
16 พ.ค. 2562 28.3036 28.4239 29.1961
17 พ.ค. 2562 28.3657 28.4777 29.2385
21 พ.ค. 2562 28.4251 28.5368 29.2892
22 พ.ค. 2562 28.4871 28.5784 29.3125
23 พ.ค. 2562 28.5052 28.6154 29.3648
24 พ.ค. 2562 28.6287 28.7264 29.4521
27 พ.ค. 2562 28.5305 28.6449 29.4137
28 พ.ค. 2562 28.5517 28.6672 29.4219
29 พ.ค. 2562 28.6659 28.7618 29.5030
30 พ.ค. 2562 28.5570 28.6600 29.3707
31 พ.ค. 2562 28.6053 28.7142 29.4594
04 มิ.ย. 2562 28.5605 28.6646 29.4277
05 มิ.ย. 2562 28.5772 28.6781 29.4140
06 มิ.ย. 2562 28.4945 28.6095 29.3575
07 มิ.ย. 2562 28.3882 28.4943 29.2619
10 มิ.ย. 2562 28.3924 28.4996 29.2305
11 มิ.ย. 2562 28.3463 28.4599 29.2150
12 มิ.ย. 2562 28.3424 28.4462 29.1819
13 มิ.ย. 2562 28.3288 28.4395 29.2003
14 มิ.ย. 2562 28.3200 28.4297 29.1823
17 มิ.ย. 2562 28.2786 28.3848 29.1374
18 มิ.ย. 2562 28.4328 28.5383 29.2851
19 มิ.ย. 2562 28.3156 28.4220 29.1627
20 มิ.ย. 2562 28.3675 28.4749 29.2235
21 มิ.ย. 2562 28.2742 28.3772 29.1229
24 มิ.ย. 2562 28.2154 28.3155 29.0468
25 มิ.ย. 2562 28.1493 28.2608 29.0142
26 มิ.ย. 2562 28.2135 28.3190 29.0632
27 มิ.ย. 2562 28.0207 28.1315 28.8750
28 มิ.ย. 2562 28.0835 28.1849 28.9179
01 ก.ค. 2562 27.8056 27.9068 28.6505
02 ก.ค. 2562 27.8308 27.9402 28.7108
03 ก.ค. 2562 27.9489 28.0489 28.7949
04 ก.ค. 2562 27.8920 28.0050 28.7743
05 ก.ค. 2562 27.9683 28.0749 28.8278
08 ก.ค. 2562 27.8902 27.9995 28.7673
09 ก.ค. 2562 27.8346 27.9391 28.6978
10 ก.ค. 2562 27.8360 27.9420 28.6895
11 ก.ค. 2562 27.8661 27.9717 28.7085
12 ก.ค. 2562 27.9091 28.0186 28.7695
15 ก.ค. 2562 28.1407 28.2455 28.9994
17 ก.ค. 2562 28.0869 28.1935 28.9341
18 ก.ค. 2562 28.1700 28.2736 29.0180
19 ก.ค. 2562 28.1170 28.2278 28.9683
22 ก.ค. 2562 28.1044 28.2083 28.9411
23 ก.ค. 2562 28.1107 28.2143 28.9377
24 ก.ค. 2562 28.0595 28.1853 28.9401
25 ก.ค. 2562 28.0946 28.2015 28.9387
26 ก.ค. 2562 28.0458 28.1506 28.8711
30 ก.ค. 2562 27.8722 27.9668 28.7114
31 ก.ค. 2562 27.9118 28.0111 28.7362
01 ส.ค. 2562 27.7856 27.8859 28.6222
02 ส.ค. 2562 28.3348 28.4432 29.1806
05 ส.ค. 2562 28.5485 28.6659 29.4612
06 ส.ค. 2562 28.5057 28.6032 29.3550
07 ส.ค. 2562 28.5260 28.6209 29.3333
08 ส.ค. 2562 28.4658 28.5825 29.3579
09 ส.ค. 2562 28.5379 28.6384 29.3793
13 ส.ค. 2562 28.7027 28.8148 29.6076
14 ส.ค. 2562 28.4945 28.5986 29.3492
15 ส.ค. 2562 28.6076 28.7192 29.5020
16 ส.ค. 2562 28.5688 28.6853 29.4787
19 ส.ค. 2562 28.5122 28.6275 29.4065
20 ส.ค. 2562 28.4470 28.5520 29.2991
21 ส.ค. 2562 28.4647 28.5682 29.2930
22 ส.ค. 2562 28.3863 28.4982 29.2803
23 ส.ค. 2562 28.3912 28.4998 29.2505
26 ส.ค. 2562 28.6005 28.7042 29.4727
27 ส.ค. 2562 28.4311 28.5336 29.2850
28 ส.ค. 2562 28.4960 28.5976 29.3331
29 ส.ค. 2562 28.4069 28.5241 29.2884
30 ส.ค. 2562 28.3278 28.4298 29.1817
02 ก.ย. 2562 28.3786 28.4753 29.2123
03 ก.ย. 2562 28.3785 28.4762 29.1916
04 ก.ย. 2562 28.3901 28.4945 29.2326
05 ก.ย. 2562 28.2046 28.3083 29.0427
06 ก.ย. 2562 28.1655 28.2706 29.0042
09 ก.ย. 2562 28.2007 28.3041 29.0341
10 ก.ย. 2562 28.0715 28.1720 28.8888
11 ก.ย. 2562 27.9851 28.0881 28.8054
12 ก.ย. 2562 27.7981 27.8908 28.5823
13 ก.ย. 2562 27.6503 27.7662 28.4943
16 ก.ย. 2562 27.8122 27.9262 28.6925
17 ก.ย. 2562 27.7558 27.8698 28.6287
18 ก.ย. 2562 27.7594 27.8620 28.5807
19 ก.ย. 2562 27.7808 27.8868 28.6415
20 ก.ย. 2562 27.8164 27.9080 28.6374
23 ก.ย. 2562 27.8231 27.9219 28.6434
24 ก.ย. 2562 27.8466 27.9549 28.7382
25 ก.ย. 2562 28.0294 28.1287 28.8826
26 ก.ย. 2562 27.9506 28.0514 28.7875
27 ก.ย. 2562 27.9499 28.0543 28.8048
30 ก.ย. 2562 27.8492 27.9601 28.7284
01 ต.ค. 2562 27.8000 27.9065 28.6625
02 ต.ค. 2562 27.9560 28.0590 28.8047
03 ต.ค. 2562 28.1018 28.1990 28.9421
04 ต.ค. 2562 28.0740 28.1784 28.9224
07 ต.ค. 2562 28.0212 28.1215 28.8839
08 ต.ค. 2562 27.8869 27.9956 28.7627
09 ต.ค. 2562 27.8634 27.9686 28.7085
10 ต.ค. 2562 27.7327 27.8278 28.5800
11 ต.ค. 2562 27.6755 27.7871 28.5465
15 ต.ค. 2562 27.5578 27.6654 28.4258
16 ต.ค. 2562 27.5110 27.6163 28.3558
17 ต.ค. 2562 27.4251 27.5333 28.2880
18 ต.ค. 2562 27.3921 27.5029 28.2661
21 ต.ค. 2562 27.4406 27.5391 28.2708
22 ต.ค. 2562 27.3868 27.4877 28.2424
24 ต.ค. 2562 27.4009 27.5100 28.2467
25 ต.ค. 2562 27.3677 27.4662 28.1996
28 ต.ค. 2562 27.2998 27.4103 28.1544
29 ต.ค. 2562 27.2701 27.3691 28.1098
30 ต.ค. 2562 27.2724 27.3842 28.1400
31 ต.ค. 2562 27.2958 27.4036 28.1355
01 พ.ย. 2562 27.4553 27.5620 28.3041
04 พ.ย. 2562 27.3679 27.4878 28.2464
05 พ.ย. 2562 27.2703 27.3978 28.1633
06 พ.ย. 2562 27.2472 27.3605 28.1239
07 พ.ย. 2562 27.3612 27.4722 28.2430
08 พ.ย. 2562 27.3537 27.4586 28.2142
11 พ.ย. 2562 27.3487 27.4488 28.2019
12 พ.ย. 2562 27.3358 27.4339 28.1778
13 พ.ย. 2562 27.3272 27.4317 28.1834
14 พ.ย. 2562 27.2992 27.4106 28.1624
15 พ.ย. 2562 27.3359 27.4383 28.1868
18 พ.ย. 2562 27.3194 27.4181 28.1750
19 พ.ย. 2562 27.3107 27.4250 28.1930
20 พ.ย. 2562 27.3341 27.4389 28.1968
21 พ.ย. 2562 27.3591 27.4659 28.2275
22 พ.ย. 2562 27.3022 27.4163 28.1896
25 พ.ย. 2562 27.2855 27.3877 28.1419
26 พ.ย. 2562 27.2526 27.3530 28.1080
27 พ.ย. 2562 27.2169 27.3229 28.0806
28 พ.ย. 2562 27.1763 27.2783 28.0128
29 พ.ย. 2562 27.1357 27.2400 27.9806