03 ธ.ค. 2555 24.8156 24.8976 25.3779
04 ธ.ค. 2555 24.8116 24.8940 25.3816
06 ธ.ค. 2555 24.8321 24.9163 25.4194
07 ธ.ค. 2555 24.7928 24.8771 25.3643
11 ธ.ค. 2555 24.7456 24.8301 25.3108
12 ธ.ค. 2555 24.7543 24.8379 25.3347
13 ธ.ค. 2555 24.7709 24.8548 25.3375
14 ธ.ค. 2555 24.7653 24.8481 25.3409
17 ธ.ค. 2555 24.7459 24.8300 25.3162
18 ธ.ค. 2555 24.7420 24.8260 25.3182
19 ธ.ค. 2555 24.7773 24.8609 25.3478
20 ธ.ค. 2555 24.7692 24.8523 25.3386
21 ธ.ค. 2555 24.7808 24.8635 25.3516
24 ธ.ค. 2555 24.7421 24.8268 25.3096
25 ธ.ค. 2555 24.7501 24.8338 25.3304
26 ธ.ค. 2555 24.7202 24.8034 25.2990
27 ธ.ค. 2555 24.7298 24.8136 25.3084
28 ธ.ค. 2555 24.6996 24.7844 25.2835
02 ม.ค. 2556 24.6484 24.7292 25.2008
03 ม.ค. 2556 24.5368 24.6198 25.1050
04 ม.ค. 2556 24.4623 24.5451 25.0213
07 ม.ค. 2556 24.4389 24.5219 25.0072
08 ม.ค. 2556 24.4450 24.5279 25.0147
09 ม.ค. 2556 24.4536 24.5377 25.0146
10 ม.ค. 2556 24.4314 24.5135 24.9913
11 ม.ค. 2556 24.4073 24.4908 24.9680
14 ม.ค. 2556 24.3715 24.4546 24.9314
15 ม.ค. 2556 24.2746 24.3553 24.8207
16 ม.ค. 2556 24.1181 24.1992 24.6645
17 ม.ค. 2556 24.0267 24.1072 24.5784
18 ม.ค. 2556 24.0021 24.0830 24.5580
21 ม.ค. 2556 23.8753 23.9564 24.4294
22 ม.ค. 2556 23.9173 23.9998 24.4659
23 ม.ค. 2556 23.9381 24.0174 24.4877
24 ม.ค. 2556 23.9766 24.0582 24.5278
25 ม.ค. 2556 23.9513 24.0328 24.4957
28 ม.ค. 2556 23.9386 24.0212 24.4944
29 ม.ค. 2556 23.8166 23.8984 24.3732
30 ม.ค. 2556 23.8044 23.8853 24.3565
31 ม.ค. 2556 23.7322 23.8115 24.2814
01 ก.พ. 2556 23.7708 23.8504 24.3066
04 ก.พ. 2556 23.7151 23.7950 24.2577
05 ก.พ. 2556 23.7263 23.8081 24.2734
06 ก.พ. 2556 23.7243 23.8064 24.2779
07 ก.พ. 2556 23.7225 23.8043 24.2815
08 ก.พ. 2556 23.7000 23.7874 24.2630
11 ก.พ. 2556 23.7474 23.8304 24.3003
12 ก.พ. 2556 23.7189 23.8001 24.2717
13 ก.พ. 2556 23.7547 23.8370 24.3154
14 ก.พ. 2556 23.8041 23.8845 24.3526
15 ก.พ. 2556 23.8268 23.9088 24.3787
18 ก.พ. 2556 23.7907 23.8732 24.3474
19 ก.พ. 2556 23.7988 23.8815 24.3642
20 ก.พ. 2556 23.8157 23.8969 24.3650
21 ก.พ. 2556 23.7886 23.8696 24.3333
22 ก.พ. 2556 23.7680 23.8499 24.3192
26 ก.พ. 2556 23.7843 23.8656 24.3323
27 ก.พ. 2556 23.7626 23.8443 24.3185
28 ก.พ. 2556 23.7969 23.8791 24.3565
01 มี.ค. 2556 23.7232 23.8055 24.2839
04 มี.ค. 2556 23.6400 23.7215 24.1878
05 มี.ค. 2556 23.6243 23.7060 24.1771
06 มี.ค. 2556 23.5858 23.6665 24.1381
07 มี.ค. 2556 23.5322 23.6122 24.0732
08 มี.ค. 2556 23.5492 23.6313 24.1032
11 มี.ค. 2556 23.5033 23.5849 24.0550
12 มี.ค. 2556 23.4373 23.5179 23.9765
13 มี.ค. 2556 23.4287 23.5102 23.9802
14 มี.ค. 2556 23.4276 23.5081 23.9752
15 มี.ค. 2556 23.3745 23.4541 23.9316
18 มี.ค. 2556 23.3200 23.4012 23.8716
19 มี.ค. 2556 23.1992 23.2796 23.7499
20 มี.ค. 2556 23.0239 23.1038 23.5566
21 มี.ค. 2556 23.0253 23.1052 23.5579
22 มี.ค. 2556 23.0826 23.1642 23.6183
25 มี.ค. 2556 23.1677 23.2491 23.7066
26 มี.ค. 2556 23.3096 23.3908 23.8608
27 มี.ค. 2556 23.2937 23.3745 23.8345
28 มี.ค. 2556 23.2214 23.3027 23.7662
29 มี.ค. 2556 23.3162 23.3971 23.8598
01 เม.ย. 2556 23.2703 23.3510 23.8168
02 เม.ย. 2556 23.3879 23.4696 23.9320
03 เม.ย. 2556 23.4337 23.5144 23.9726
04 เม.ย. 2556 23.4000 23.4812 23.9398
05 เม.ย. 2556 23.3054 23.3851 23.8546
09 เม.ย. 2556 23.1189 23.1989 23.6575
10 เม.ย. 2556 23.0882 23.1697 23.6231
11 เม.ย. 2556 23.1386 23.2185 23.6810
12 เม.ย. 2556 23.1495 23.2314 23.6967
17 เม.ย. 2556 23.1463 23.2272 23.6934
18 เม.ย. 2556 22.9980 23.0800 23.5467
19 เม.ย. 2556 22.9177 22.9987 23.4607
22 เม.ย. 2556 22.8135 22.8941 23.3486
23 เม.ย. 2556 22.8891 22.9706 23.4279
24 เม.ย. 2556 22.9259 23.0074 23.4657
25 เม.ย. 2556 23.0691 23.1502 23.6106
26 เม.ย. 2556 23.3692 23.4498 23.9110
29 เม.ย. 2556 23.3635 23.4439 23.8994
30 เม.ย. 2556 23.4546 23.5359 24.0009
02 พ.ค. 2556 23.5204 23.6006 24.0668
03 พ.ค. 2556 23.6661 23.7472 24.2160
07 พ.ค. 2556 23.7483 23.8292 24.2908
08 พ.ค. 2556 23.7005 23.7814 24.2458
09 พ.ค. 2556 23.6571 23.7379 24.1976
10 พ.ค. 2556 23.6934 23.7735 24.2324
13 พ.ค. 2556 23.6908 23.7725 24.2343
14 พ.ค. 2556 23.5892 23.6703 24.1405
15 พ.ค. 2556 23.6158 23.6959 24.1595
16 พ.ค. 2556 23.5057 23.5862 24.0470
17 พ.ค. 2556 23.4458 23.5257 23.9865
20 พ.ค. 2556 23.4714 23.5523 24.0096
21 พ.ค. 2556 23.3881 23.4684 23.9235
22 พ.ค. 2556 23.3506 23.4321 23.8867
23 พ.ค. 2556 23.3391 23.4181 23.8677
27 พ.ค. 2556 23.3554 23.4362 23.9026
28 พ.ค. 2556 23.3691 23.4505 23.9014
29 พ.ค. 2556 23.4481 23.5280 23.9785
30 พ.ค. 2556 23.5362 23.6157 24.0762
31 พ.ค. 2556 23.6140 23.6937 24.1603
03 มิ.ย. 2556 23.8100 23.8910 24.3488
04 มิ.ย. 2556 23.9603 24.0414 24.5062
05 มิ.ย. 2556 24.0720 24.1566 24.6156
06 มิ.ย. 2556 24.1420 24.2226 24.6905
07 มิ.ย. 2556 24.3344 24.4150 24.8818
10 มิ.ย. 2556 24.1971 24.2776 24.7459
11 มิ.ย. 2556 24.1848 24.2655 24.7285
12 มิ.ย. 2556 24.4349 24.5151 24.9814
13 มิ.ย. 2556 24.3422 24.4227 24.8906
14 มิ.ย. 2556 24.1284 24.2096 24.6659
17 มิ.ย. 2556 24.1127 24.1931 24.6545
18 มิ.ย. 2556 24.1212 24.2011 24.6694
19 มิ.ย. 2556 24.1988 24.2803 24.7466
20 มิ.ย. 2556 24.0965 24.1762 24.6329
21 มิ.ย. 2556 24.1649 24.2436 24.7061
24 มิ.ย. 2556 24.0662 24.1460 24.6066
25 มิ.ย. 2556 24.0038 24.0829 24.5394
26 มิ.ย. 2556 24.1415 24.2211 24.6764
27 มิ.ย. 2556 24.1976 24.2771 24.7427
28 มิ.ย. 2556 24.2871 24.3658 24.8277
02 ก.ค. 2556 24.1258 24.2045 24.6670
03 ก.ค. 2556 24.0937 24.1727 24.6260
04 ก.ค. 2556 24.1175 24.1988 24.6560
05 ก.ค. 2556 24.1093 24.1897 24.6467
08 ก.ค. 2556 24.1607 24.2400 24.6891
09 ก.ค. 2556 24.2323 24.3104 24.7703
10 ก.ค. 2556 24.1617 24.2409 24.6951
11 ก.ค. 2556 24.2777 24.3589 24.8296
12 ก.ค. 2556 24.3542 24.4347 24.8904
15 ก.ค. 2556 24.3357 24.4152 24.8880
16 ก.ค. 2556 24.3410 24.4222 24.8876
17 ก.ค. 2556 24.3153 24.3964 24.8646
18 ก.ค. 2556 24.2232 24.3026 24.7593
19 ก.ค. 2556 24.2315 24.3122 24.7728
23 ก.ค. 2556 24.2116 24.2927 24.7592
24 ก.ค. 2556 24.1291 24.2095 24.6726
25 ก.ค. 2556 24.1973 24.2780 24.7428
26 ก.ค. 2556 24.2873 24.3672 24.8244
29 ก.ค. 2556 24.3445 24.4243 24.8817
30 ก.ค. 2556 24.3138 24.3934 24.8613
31 ก.ค. 2556 24.3383 24.4185 24.8830
01 ส.ค. 2556 24.2842 24.3629 24.8198
02 ส.ค. 2556 24.2892 24.3711 24.8346
05 ส.ค. 2556 24.3229 24.4025 24.8642
06 ส.ค. 2556 24.4518 24.5328 25.0101
07 ส.ค. 2556 24.4807 24.5623 25.0226
08 ส.ค. 2556 24.4459 24.5271 24.9916
09 ส.ค. 2556 24.4541 24.5369 25.0028
13 ส.ค. 2556 24.4387 24.5198 24.9856
14 ส.ค. 2556 24.3638 24.4458 24.9144
15 ส.ค. 2556 24.3094 24.3903 24.8596
16 ส.ค. 2556 24.3174 24.3972 24.8650
19 ส.ค. 2556 24.2966 24.3777 24.8427
20 ส.ค. 2556 24.4082 24.4882 24.9524
21 ส.ค. 2556 24.5599 24.6410 25.0935
22 ส.ค. 2556 24.6909 24.7714 25.2312
23 ส.ค. 2556 24.6414 24.7206 25.1807
26 ส.ค. 2556 24.6448 24.7245 25.1889
27 ส.ค. 2556 24.7177 24.7991 25.2673
28 ส.ค. 2556 24.7874 24.8654 25.3506
29 ส.ค. 2556 24.8670 24.9493 25.4115
30 ส.ค. 2556 24.8463 24.9260 25.3983
02 ก.ย. 2556 24.8964 24.9769 25.4476
03 ก.ย. 2556 24.8343 24.9168 25.3780
04 ก.ย. 2556 24.9008 24.9802 25.4451
05 ก.ย. 2556 24.9102 24.9903 25.4573
06 ก.ย. 2556 25.0024 25.0810 25.5444
09 ก.ย. 2556 25.0271 25.1072 25.5712
10 ก.ย. 2556 24.9772 25.0584 25.5227
11 ก.ย. 2556 25.0149 25.0952 25.5582
12 ก.ย. 2556 24.7578 24.8377 25.2936
13 ก.ย. 2556 24.7391 24.8178 25.2880
16 ก.ย. 2556 24.7697 24.8501 25.3300
17 ก.ย. 2556 24.8616 24.9418 25.4198
18 ก.ย. 2556 24.8430 24.9217 25.3890
19 ก.ย. 2556 24.6238 24.7066 25.1898
20 ก.ย. 2556 24.5814 24.6620 25.1278
23 ก.ย. 2556 24.5708 24.6537 25.1138
24 ก.ย. 2556 24.6720 24.7539 25.2241
25 ก.ย. 2556 24.6933 24.7730 25.2474
26 ก.ย. 2556 24.6056 24.6841 25.1514
27 ก.ย. 2556 24.5614 24.6425 25.1055
30 ก.ย. 2556 24.6539 24.7365 25.2121
01 ต.ค. 2556 24.5738 24.6537 25.1183
02 ต.ค. 2556 24.6613 24.7411 25.2041
03 ต.ค. 2556 24.6598 24.7401 25.2044
04 ต.ค. 2556 24.7693 24.8513 25.3195
07 ต.ค. 2556 24.7898 24.8723 25.3499
08 ต.ค. 2556 24.7960 24.8749 25.3470
09 ต.ค. 2556 24.7999 24.8812 25.3559
10 ต.ค. 2556 24.8166 24.8965 25.3644
11 ต.ค. 2556 24.7714 24.8504 25.3283
14 ต.ค. 2556 24.8355 24.9162 25.3927
15 ต.ค. 2556 24.8565 24.9352 25.4054
16 ต.ค. 2556 24.8422 24.9224 25.4037
17 ต.ค. 2556 24.7179 24.7980 25.2744
18 ต.ค. 2556 24.7075 24.7878 25.2691
21 ต.ค. 2556 24.7397 24.8214 25.3017
22 ต.ค. 2556 24.7403 24.8227 25.3102
24 ต.ค. 2556 24.8466 24.9283 25.4125
25 ต.ค. 2556 24.8328 24.9148 25.3970
28 ต.ค. 2556 24.8131 24.8946 25.3764
29 ต.ค. 2556 24.7817 24.8632 25.3423
30 ต.ค. 2556 24.7252 24.8058 25.2914
31 ต.ค. 2556 24.7757 24.8564 25.3370
01 พ.ย. 2556 24.7614 24.8444 25.3272
04 พ.ย. 2556 24.8391 24.9214 25.3968
05 พ.ย. 2556 24.8838 24.9646 25.4460
06 พ.ย. 2556 24.8308 24.9119 25.3931
07 พ.ย. 2556 24.8584 24.9378 25.4159
08 พ.ย. 2556 24.8902 24.9717 25.4423
11 พ.ย. 2556 25.0474 25.1280 25.5942
12 พ.ย. 2556 24.9967 25.0770 25.5543
13 พ.ย. 2556 24.9625 25.0456 25.5280
14 พ.ย. 2556 24.9591 25.0401 25.5113
15 พ.ย. 2556 24.9983 25.0791 25.5559
18 พ.ย. 2556 25.0094 25.0902 25.5607
19 พ.ย. 2556 25.0315 25.1128 25.5978
20 พ.ย. 2556 25.1455 25.2253 25.7019
21 พ.ย. 2556 25.1436 25.2248 25.7010
22 พ.ย. 2556 25.1255 25.2056 25.6843
25 พ.ย. 2556 25.2014 25.2810 25.7578
26 พ.ย. 2556 25.2926 25.3725 25.8490
27 พ.ย. 2556 25.2861 25.3665 25.8447
28 พ.ย. 2556 25.3172 25.3985 25.8754
29 พ.ย. 2556 25.2407 25.3212 25.8014
02 ธ.ค. 2556 25.3625 25.4452 25.9217
03 ธ.ค. 2556 25.3040 25.3861 25.8612
04 ธ.ค. 2556 25.3301 25.4119 25.8857
06 ธ.ค. 2556 25.4411 25.5214 25.9904
09 ธ.ค. 2556 25.3796 25.4619 25.9389
11 ธ.ค. 2556 25.3128 25.3942 25.8575
12 ธ.ค. 2556 25.3230 25.4048 25.8817
13 ธ.ค. 2556 25.2403 25.3202 25.7925
16 ธ.ค. 2556 25.1965 25.2787 25.7538
17 ธ.ค. 2556 25.1936 25.2749 25.7411
18 ธ.ค. 2556 25.2963 25.3781 25.8502
19 ธ.ค. 2556 25.3219 25.4042 25.8737
20 ธ.ค. 2556 25.3576 25.4395 25.9095
23 ธ.ค. 2556 25.5125 25.5939 26.0626
24 ธ.ค. 2556 25.5417 25.6212 26.0883
25 ธ.ค. 2556 25.4952 25.5767 26.0525
26 ธ.ค. 2556 25.5389 25.6202 26.0895
27 ธ.ค. 2556 25.5670 25.6485 26.1167
02 ม.ค. 2557 25.6931 25.7745 26.2547
03 ม.ค. 2557 25.7109 25.7916 26.2614
06 ม.ค. 2557 25.7603 25.8432 26.3213
07 ม.ค. 2557 25.7559 25.8380 26.3253
08 ม.ค. 2557 25.6878 25.7687 26.2435
09 ม.ค. 2557 25.6366 25.7167 26.1827
10 ม.ค. 2557 25.6671 25.7462 26.2205
13 ม.ค. 2557 25.8069 25.8887 26.3603
14 ม.ค. 2557 25.6454 25.7262 26.2020
15 ม.ค. 2557 25.5223 25.6011 26.0667
16 ม.ค. 2557 25.5099 25.5907 26.0640
17 ม.ค. 2557 25.4257 25.5050 25.9723
20 ม.ค. 2557 25.4586 25.5381 26.0167
21 ม.ค. 2557 25.4011 25.4825 25.9659
22 ม.ค. 2557 25.4064 25.4869 25.9630
23 ม.ค. 2557 25.4016 25.4815 25.9572
24 ม.ค. 2557 25.3820 25.4618 25.9380
27 ม.ค. 2557 25.4313 25.5107 25.9899
28 ม.ค. 2557 25.4891 25.5688 26.0435
29 ม.ค. 2557 25.5239 25.6038 26.0822
30 ม.ค. 2557 25.5263 25.6058 26.0748
31 ม.ค. 2557 25.5425 25.6232 26.1055
03 ก.พ. 2557 25.4676 25.5462 26.0120
04 ก.พ. 2557 25.5370 25.6169 26.0754
05 ก.พ. 2557 25.5178 25.5985 26.0755
06 ก.พ. 2557 25.5262 25.6061 26.0804
07 ก.พ. 2557 25.5540 25.6351 26.1118
10 ก.พ. 2557 25.5405 25.6215 26.0939
11 ก.พ. 2557 25.5250 25.6058 26.0887
12 ก.พ. 2557 25.4999 25.5794 26.0564
13 ก.พ. 2557 25.3763 25.4584 25.9247
17 ก.พ. 2557 25.3536 25.4341 25.9005
18 ก.พ. 2557 25.3876 25.4676 25.9386
19 ก.พ. 2557 25.4988 25.5793 26.0467
20 ก.พ. 2557 25.4838 25.5639 26.0441
21 ก.พ. 2557 25.4091 25.4890 25.9593
24 ก.พ. 2557 25.4035 25.4847 25.9608
25 ก.พ. 2557 25.4287 25.5094 25.9877
26 ก.พ. 2557 25.4389 25.5195 25.9882
27 ก.พ. 2557 25.4077 25.4885 25.9769
28 ก.พ. 2557 25.4548 25.5335 26.0028
03 มี.ค. 2557 25.3897 25.4703 25.9381
04 มี.ค. 2557 25.3140 25.3921 25.8636
05 มี.ค. 2557 25.1787 25.2592 25.7410
06 มี.ค. 2557 25.1588 25.2388 25.6998
07 มี.ค. 2557 25.2121 25.2926 25.7661
10 มี.ค. 2557 25.2256 25.3044 25.7734
11 มี.ค. 2557 25.2101 25.2900 25.7587
12 มี.ค. 2557 25.2245 25.3042 25.7651
13 มี.ค. 2557 25.2491 25.3294 25.7947
14 มี.ค. 2557 25.2102 25.2915 25.7655
17 มี.ค. 2557 25.1770 25.2558 25.7322
18 มี.ค. 2557 25.1268 25.2064 25.6807
19 มี.ค. 2557 25.0834 25.1653 25.6396
20 มี.ค. 2557 25.0837 25.1632 25.6299
21 มี.ค. 2557 25.0660 25.1474 25.6162
24 มี.ค. 2557 25.1470 25.2273 25.6991
25 มี.ค. 2557 25.3042 25.3841 25.8556
26 มี.ค. 2557 25.3865 25.4664 25.9450
27 มี.ค. 2557 25.4087 25.4891 25.9763
28 มี.ค. 2557 25.4474 25.5281 25.9991
31 มี.ค. 2557 25.4604 25.5401 26.0126
01 เม.ย. 2557 25.4265 25.5088 25.9816
02 เม.ย. 2557 25.3811 25.4624 25.9390
03 เม.ย. 2557 25.4157 25.4972 25.9680
04 เม.ย. 2557 25.4243 25.5046 25.9800
08 เม.ย. 2557 25.4319 25.5114 25.9880
09 เม.ย. 2557 25.4475 25.5279 26.0034
10 เม.ย. 2557 25.4982 25.5774 26.0465
11 เม.ย. 2557 25.5288 25.6111 26.1006
16 เม.ย. 2557 25.4642 25.5429 26.0211
17 เม.ย. 2557 25.4466 25.5274 26.0121
18 เม.ย. 2557 25.3862 25.4661 25.9488
21 เม.ย. 2557 25.3913 25.4715 25.9516
22 เม.ย. 2557 25.4302 25.5104 25.9899
23 เม.ย. 2557 25.4457 25.5255 25.9931
24 เม.ย. 2557 25.4265 25.5083 25.9921
25 เม.ย. 2557 25.4248 25.5045 25.9803
28 เม.ย. 2557 25.3612 25.4415 25.9175
29 เม.ย. 2557 25.3541 25.4379 25.9268
30 เม.ย. 2557 25.3982 25.4791 25.9548
02 พ.ค. 2557 25.5279 25.6102 26.0976
06 พ.ค. 2557 25.5737 25.6555 26.1398
07 พ.ค. 2557 25.6302 25.7122 26.1946
08 พ.ค. 2557 25.6391 25.7198 26.1934
09 พ.ค. 2557 25.7585 25.8389 26.3160
12 พ.ค. 2557 25.7868 25.8668 26.3540
14 พ.ค. 2557 25.6785 25.7587 26.2342
15 พ.ค. 2557 25.6159 25.6960 26.1721
16 พ.ค. 2557 25.6276 25.7077 26.1831
19 พ.ค. 2557 25.6599 25.7405 26.2164
20 พ.ค. 2557 25.6832 25.7650 26.2462
21 พ.ค. 2557 25.6364 25.7166 26.1953
22 พ.ค. 2557 25.5976 25.6793 26.1556
23 พ.ค. 2557 25.6464 25.7264 26.1986
26 พ.ค. 2557 25.6850 25.7667 26.2502
27 พ.ค. 2557 25.6732 25.7544 26.2333
28 พ.ค. 2557 25.6848 25.7654 26.2361
29 พ.ค. 2557 25.7451 25.8244 26.3039
30 พ.ค. 2557 25.8257 25.9066 26.3818
02 มิ.ย. 2557 25.8525 25.9334 26.4187
03 มิ.ย. 2557 25.7536 25.8337 26.3111
04 มิ.ย. 2557 25.6609 25.7413 26.2106
05 มิ.ย. 2557 25.6797 25.7617 26.2370
06 มิ.ย. 2557 25.6891 25.7701 26.2498
09 มิ.ย. 2557 25.6363 25.7166 26.1934
10 มิ.ย. 2557 25.6374 25.7183 26.1967
11 มิ.ย. 2557 25.6517 25.7327 26.2099
12 มิ.ย. 2557 25.6672 25.7489 26.2280
13 มิ.ย. 2557 25.6545 25.7346 26.2228
16 มิ.ย. 2557 25.5757 25.6563 26.1348
17 มิ.ย. 2557 25.5799 25.6598 26.1267
18 มิ.ย. 2557 25.6089 25.6894 26.1704
19 มิ.ย. 2557 25.6301 25.7119 26.1889
20 มิ.ย. 2557 25.6670 25.7480 26.2391
23 มิ.ย. 2557 25.6670 25.7466 26.2175
24 มิ.ย. 2557 25.6550 25.7364 26.2218
25 มิ.ย. 2557 25.6466 25.7278 26.2133
26 มิ.ย. 2557 25.6657 25.7467 26.2313
27 มิ.ย. 2557 25.6841 25.7654 26.2477
30 มิ.ย. 2557 25.6629 25.7439 26.2291
02 ก.ค. 2557 25.6736 25.7548 26.2346
03 ก.ค. 2557 25.6340 25.7158 26.1930
04 ก.ค. 2557 25.6623 25.7445 26.2260
07 ก.ค. 2557 25.6556 25.7377 26.2216
08 ก.ค. 2557 25.6803 25.7617 26.2396
09 ก.ค. 2557 25.7043 25.7847 26.2592
10 ก.ค. 2557 25.5948 25.6758 26.1532
14 ก.ค. 2557 25.5749 25.6554 26.1396
15 ก.ค. 2557 25.5743 25.6551 26.1319
16 ก.ค. 2557 25.5457 25.6274 26.1033
17 ก.ค. 2557 25.5693 25.6507 26.1286
18 ก.ค. 2557 25.5995 25.6818 26.1572
21 ก.ค. 2557 25.5118 25.5942 26.0766
22 ก.ค. 2557 25.3665 25.4480 25.9380
23 ก.ค. 2557 25.3272 25.4076 25.8783
24 ก.ค. 2557 25.3898 25.4703 25.9514
25 ก.ค. 2557 25.3613 25.4431 25.9240
28 ก.ค. 2557 25.3048 25.3871 25.8697
29 ก.ค. 2557 25.2979 25.3794 25.8607
30 ก.ค. 2557 25.3211 25.4030 25.8813
31 ก.ค. 2557 25.3570 25.4412 25.9187
01 ส.ค. 2557 25.4763 25.5558 26.0304
04 ส.ค. 2557 25.4646 25.5448 26.0271
05 ส.ค. 2557 25.4697 25.5510 26.0404
06 ส.ค. 2557 25.4622 25.5426 26.0196
07 ส.ค. 2557 25.4751 25.5550 26.0341
08 ส.ค. 2557 25.4145 25.4932 25.9657
13 ส.ค. 2557 25.2925 25.3715 25.8463
14 ส.ค. 2557 25.2328 25.3131 25.7888
15 ส.ค. 2557 25.2702 25.3497 25.8262
18 ส.ค. 2557 25.2528 25.3331 25.8068
19 ส.ค. 2557 25.2741 25.3558 25.8336
20 ส.ค. 2557 25.2552 25.3356 25.8119
21 ส.ค. 2557 25.2815 25.3638 25.8389
22 ส.ค. 2557 25.2396 25.3200 25.7932
25 ส.ค. 2557 25.2691 25.3491 25.8309
26 ส.ค. 2557 25.2237 25.3041 25.7875
27 ส.ค. 2557 25.2346 25.3159 25.7931
28 ส.ค. 2557 25.2558 25.3358 25.8081
29 ส.ค. 2557 25.2689 25.3506 25.8264
01 ก.ย. 2557 25.2517 25.3342 25.8156
02 ก.ย. 2557 25.2863 25.3665 25.8426
03 ก.ย. 2557 25.3043 25.3842 25.8569
04 ก.ย. 2557 25.2606 25.3418 25.8090
05 ก.ย. 2557 25.2585 25.3404 25.8150
08 ก.ย. 2557 25.2109 25.2917 25.7649
09 ก.ย. 2557 25.1759 25.2568 25.7235
10 ก.ย. 2557 25.1198 25.2004 25.6705
11 ก.ย. 2557 25.1366 25.2137 25.6811
12 ก.ย. 2557 25.1569 25.2377 25.7117
15 ก.ย. 2557 25.1770 25.2582 25.7355
16 ก.ย. 2557 25.2414 25.3234 25.8016
17 ก.ย. 2557 25.2168 25.2976 25.7754
18 ก.ย. 2557 25.1565 25.2370 25.7104
19 ก.ย. 2557 25.1257 25.2065 25.6755
22 ก.ย. 2557 25.1239 25.2034 25.6746
23 ก.ย. 2557 25.1214 25.2022 25.6643
24 ก.ย. 2557 25.1212 25.2021 25.6749
25 ก.ย. 2557 25.1358 25.2154 25.6913
26 ก.ย. 2557 25.1197 25.2005 25.6685
29 ก.ย. 2557 25.0547 25.1341 25.6237
30 ก.ย. 2557 25.1040 25.1842 25.6609
01 ต.ค. 2557 25.0902 25.1703 25.6426
02 ต.ค. 2557 25.1575 25.2371 25.7025
03 ต.ค. 2557 25.1797 25.2586 25.7283
06 ต.ค. 2557 25.1813 25.2610 25.7180
07 ต.ค. 2557 25.2112 25.2916 25.7711
08 ต.ค. 2557 25.2242 25.3039 25.7788
09 ต.ค. 2557 25.2282 25.3069 25.7725
10 ต.ค. 2557 25.2085 25.2893 25.7574
13 ต.ค. 2557 25.1699 25.2503 25.7113
14 ต.ค. 2557 25.2076 25.2864 25.7487
15 ต.ค. 2557 25.1542 25.2347 25.7118
16 ต.ค. 2557 25.1914 25.2722 25.7420
17 ต.ค. 2557 25.1635 25.2429 25.7010
20 ต.ค. 2557 25.0977 25.1782 25.6479
21 ต.ค. 2557 25.0768 25.1570 25.6360
22 ต.ค. 2557 25.0945 25.1739 25.6430
24 ต.ค. 2557 25.0749 25.1549 25.6214
27 ต.ค. 2557 25.1059 25.1854 25.6484
28 ต.ค. 2557 25.1325 25.2132 25.6855
29 ต.ค. 2557 25.1951 25.2761 25.7540
30 ต.ค. 2557 25.1550 25.2355 25.7024
31 ต.ค. 2557 25.1067 25.1865 25.6560
03 พ.ย. 2557 25.0162 25.0975 25.5603
04 พ.ย. 2557 25.0202 25.0999 25.5706
05 พ.ย. 2557 25.0370 25.1165 25.5811
06 พ.ย. 2557 25.0283 25.1073 25.5680
07 พ.ย. 2557 25.0681 25.1476 25.6043
10 พ.ย. 2557 25.0936 25.1719 25.6358
11 พ.ย. 2557 25.1063 25.1851 25.6466
12 พ.ย. 2557 25.1032 25.1841 25.6588
13 พ.ย. 2557 25.1148 25.1933 25.6454
14 พ.ย. 2557 25.0671 25.1316 25.6135
17 พ.ย. 2557 25.0015 25.0712 25.5568
18 พ.ย. 2557 24.9515 25.0192 25.4958
19 พ.ย. 2557 24.9305 24.9989 25.4817
20 พ.ย. 2557 24.9092 24.9801 25.4549
21 พ.ย. 2557 24.9324 25.0030 25.4766
24 พ.ย. 2557 24.9217 24.9964 25.4627
25 พ.ย. 2557 24.8930 24.9652 25.4418
26 พ.ย. 2557 24.9128 24.9828 25.4548
27 พ.ย. 2557 24.9318 25.0051 25.4721
28 พ.ย. 2557 24.8871 24.9592 25.4345
01 ธ.ค. 2557 24.8246 24.8959 25.3680
02 ธ.ค. 2557 24.8083 24.8811 25.3495
03 ธ.ค. 2557 24.7767 24.8474 25.3159
04 ธ.ค. 2557 24.7429 24.8110 25.2820
08 ธ.ค. 2557 24.6928 24.7639 25.2255
09 ธ.ค. 2557 24.6783 24.7486 25.2163
11 ธ.ค. 2557 24.7405 24.8109 25.2738
12 ธ.ค. 2557 24.6742 24.7475 25.2145
15 ธ.ค. 2557 24.6924 24.7640 25.2285
16 ธ.ค. 2557 24.8651 24.9359 25.3986
17 ธ.ค. 2557 25.0038 25.0756 25.5451
18 ธ.ค. 2557 24.7842 24.8566 25.3179
19 ธ.ค. 2557 24.6857 24.7593 25.2199
22 ธ.ค. 2557 24.6476 24.7148 25.1819
23 ธ.ค. 2557 24.6345 24.7051 25.1729
24 ธ.ค. 2557 24.5466 24.6228 25.0805
25 ธ.ค. 2557 24.5452 24.6183 25.0868
26 ธ.ค. 2557 24.5714 24.6469 25.0967
29 ธ.ค. 2557 24.5826 24.6581 25.1192
30 ธ.ค. 2557 24.5911 24.6644 25.1274
05 ม.ค. 2558 24.4475 24.5167 24.9824
06 ม.ค. 2558 24.4059 24.4768 24.9437
07 ม.ค. 2558 24.3056 24.3762 24.8364
08 ม.ค. 2558 24.2916 24.3607 24.8266
09 ม.ค. 2558 24.2847 24.3514 24.8174
12 ม.ค. 2558 24.3566 24.4262 24.8927
13 ม.ค. 2558 24.3049 24.3762 24.8465
14 ม.ค. 2558 24.2759 24.3436 24.8018
15 ม.ค. 2558 24.2582 24.3355 24.7864
16 ม.ค. 2558 24.3568 24.4281 24.9024
19 ม.ค. 2558 24.2364 24.3069 24.7752
20 ม.ค. 2558 24.1488 24.2184 24.6767
21 ม.ค. 2558 24.1367 24.2147 24.6812
22 ม.ค. 2558 24.1086 24.1792 24.6398
23 ม.ค. 2558 24.0448 24.1140 24.5912
26 ม.ค. 2558 23.9142 23.9835 24.4519
27 ม.ค. 2558 23.9388 24.0106 24.4745
28 ม.ค. 2558 23.8373 23.8997 24.3607
29 ม.ค. 2558 23.8064 23.8768 24.3280
30 ม.ค. 2558 23.9089 23.9778 24.4360
02 ก.พ. 2558 23.8238 23.8926 24.3678
03 ก.พ. 2558 23.7781 23.8472 24.2917
04 ก.พ. 2558 23.9292 23.9972 24.4508
05 ก.พ. 2558 23.8862 23.9552 24.4156
06 ก.พ. 2558 23.9121 23.9848 24.4441
09 ก.พ. 2558 23.8143 23.8796 24.3408
10 ก.พ. 2558 23.7776 23.8477 24.3126
11 ก.พ. 2558 23.7638 23.8392 24.2966
12 ก.พ. 2558 23.7034 23.7727 24.2157
13 ก.พ. 2558 23.7498 23.8217 24.2726
16 ก.พ. 2558 23.7593 23.8289 24.3086
17 ก.พ. 2558 23.7366 23.8076 24.2814
18 ก.พ. 2558 23.7066 23.7747 24.2331
19 ก.พ. 2558 23.6960 23.7682 24.2183
20 ก.พ. 2558 23.6575 23.7281 24.1804
23 ก.พ. 2558 23.6403 23.7036 24.1627
24 ก.พ. 2558 23.6458 23.7154 24.1701
25 ก.พ. 2558 23.6940 23.7660 24.2188
26 ก.พ. 2558 23.6913 23.7641 24.2084
27 ก.พ. 2558 23.5633 23.6307 24.1033
02 มี.ค. 2558 23.4306 23.5005 23.9531
03 มี.ค. 2558 23.4115 23.4794 23.9422
05 มี.ค. 2558 23.3893 23.4585 23.9082
06 มี.ค. 2558 23.3689 23.4355 23.8921
09 มี.ค. 2558 23.2992 23.3696 23.8215
10 มี.ค. 2558 23.2815 23.3518 23.7965
11 มี.ค. 2558 23.3053 23.3693 23.8171
12 มี.ค. 2558 23.4399 23.5068 23.9497
13 มี.ค. 2558 23.4439 23.5121 23.9563
16 มี.ค. 2558 23.3391 23.4106 23.8876
17 มี.ค. 2558 23.3745 23.4448 23.9152
18 มี.ค. 2558 23.3933 23.4632 23.9375
19 มี.ค. 2558 23.4107 23.4781 23.9823
20 มี.ค. 2558 23.2851 23.3564 23.8398
23 มี.ค. 2558 23.3173 23.3819 23.8653
24 มี.ค. 2558 23.4625 23.5339 24.0165
25 มี.ค. 2558 23.4856 23.5580 24.0206
26 มี.ค. 2558 23.4701 23.5375 24.0169
27 มี.ค. 2558 23.4708 23.5415 24.0220
30 มี.ค. 2558 23.4303 23.4992 23.9736
31 มี.ค. 2558 23.3462 23.4186 23.9007
01 เม.ย. 2558 23.4270 23.5011 23.9862
02 เม.ย. 2558 23.5023 23.5690 24.0484
03 เม.ย. 2558 23.5938 23.6630 24.1406
07 เม.ย. 2558 23.6440 23.7143 24.1974
08 เม.ย. 2558 23.6578 23.7256 24.1991
09 เม.ย. 2558 23.6841 23.7455 24.2473
10 เม.ย. 2558 23.6580 23.7050 24.1795
16 เม.ย. 2558 23.6063 23.6772 24.1763
17 เม.ย. 2558 23.6969 23.7601 24.2662
20 เม.ย. 2558 23.7455 23.8193 24.3073
21 เม.ย. 2558 23.6983 23.7678 24.2543
22 เม.ย. 2558 23.6698 23.7377 24.2171
23 เม.ย. 2558 23.7273 23.7970 24.2923
24 เม.ย. 2558 23.9048 23.9722 24.4595
27 เม.ย. 2558 24.1297 24.1994 24.7013
28 เม.ย. 2558 24.2316 24.3021 24.8054
29 เม.ย. 2558 24.4140 24.4861 25.0085
30 เม.ย. 2558 24.5368 24.6057 25.1273
06 พ.ค. 2558 24.6786 24.7550 25.2762
07 พ.ค. 2558 24.8042 24.8718 25.3773
08 พ.ค. 2558 24.8469 24.9184 25.4277
11 พ.ค. 2558 24.8412 24.9054 25.4185
12 พ.ค. 2558 24.9035 24.9758 25.4834
13 พ.ค. 2558 24.9228 24.9957 25.5039
14 พ.ค. 2558 24.9548 25.0273 25.5661
15 พ.ค. 2558 25.0504 25.1213 25.6287
18 พ.ค. 2558 24.9720 25.0417 25.5505
19 พ.ค. 2558 24.7998 24.8652 25.3855
20 พ.ค. 2558 24.7915 24.8613 25.3788
21 พ.ค. 2558 24.7584 24.8207 25.3356
22 พ.ค. 2558 24.7452 24.8121 25.3197
25 พ.ค. 2558 24.7000 24.7699 25.2749
26 พ.ค. 2558 24.6810 24.7550 25.2714
27 พ.ค. 2558 24.6980 24.7686 25.2737
28 พ.ค. 2558 24.6858 24.7594 25.2830
29 พ.ค. 2558 24.7070 24.7711 25.2790
02 มิ.ย. 2558 24.5882 24.6559 25.1680
03 มิ.ย. 2558 24.6829 24.7516 25.2679
04 มิ.ย. 2558 24.7159 24.7850 25.2985
05 มิ.ย. 2558 24.7070 24.7789 25.2841
08 มิ.ย. 2558 24.6084 24.6786 25.1778
09 มิ.ย. 2558 24.5901 24.6535 25.1573
10 มิ.ย. 2558 24.6312 24.6990 25.2162
11 มิ.ย. 2558 24.6827 24.7568 25.2812
12 มิ.ย. 2558 24.7258 24.7930 25.3018
15 มิ.ย. 2558 24.6812 24.7540 25.2641
16 มิ.ย. 2558 24.7023 24.7732 25.2809
17 มิ.ย. 2558 24.7321 24.8030 25.3064
18 มิ.ย. 2558 24.8451 24.9204 25.4374
19 มิ.ย. 2558 24.9137 24.9867 25.5014
22 มิ.ย. 2558 24.8931 24.9715 25.4957
23 มิ.ย. 2558 24.8630 24.9406 25.4625
24 มิ.ย. 2558 24.8426 24.9203 25.4476
25 มิ.ย. 2558 24.8091 24.8871 25.4092
26 มิ.ย. 2558 24.8004 24.8777 25.3931
29 มิ.ย. 2558 24.7003 24.7775 25.2920
30 มิ.ย. 2558 24.7354 24.8146 25.3266
02 ก.ค. 2558 24.6647 24.7432 25.2599
03 ก.ค. 2558 24.6995 24.7716 25.2857
06 ก.ค. 2558 24.7087 24.7856 25.2954
07 ก.ค. 2558 24.7124 24.7916 25.3056
08 ก.ค. 2558 24.7460 24.8140 25.3323
09 ก.ค. 2558 24.7958 24.8685 25.4012
10 ก.ค. 2558 24.8130 24.8797 25.4115
13 ก.ค. 2558 24.7962 24.8761 25.3972
14 ก.ค. 2558 24.6785 24.7549 25.2781
15 ก.ค. 2558 24.6869 24.7641 25.2861
16 ก.ค. 2558 24.6882 24.7644 25.2696
17 ก.ค. 2558 24.6775 24.7540 25.2743
20 ก.ค. 2558 24.6867 24.7587 25.2867
21 ก.ค. 2558 24.7792 24.8628 25.3975
22 ก.ค. 2558 24.9647 25.0386 25.5615
23 ก.ค. 2558 25.1035 25.1767 25.6981
24 ก.ค. 2558 25.1110 25.1807 25.7040
27 ก.ค. 2558 25.0850 25.1558 25.6902
28 ก.ค. 2558 25.1694 25.2423 25.7653
29 ก.ค. 2558 25.2341 25.3106 25.8440
31 ก.ค. 2558 25.2515 25.3243 25.8529
03 ส.ค. 2558 25.1827 25.2601 25.7827
04 ส.ค. 2558 25.1204 25.1847 25.7176
05 ส.ค. 2558 25.0195 25.0875 25.6158
06 ส.ค. 2558 25.0747 25.1410 25.6732
07 ส.ค. 2558 25.0257 25.0974 25.6208
10 ส.ค. 2558 25.0165 25.0858 25.6144
11 ส.ค. 2558 24.9939 25.0628 25.5837
13 ส.ค. 2558 24.9295 24.9999 25.5241
14 ส.ค. 2558 24.8205 24.8840 25.4109
17 ส.ค. 2558 24.7484 24.8146 25.3428
18 ส.ค. 2558 24.9262 24.9895 25.5161
19 ส.ค. 2558 25.0297 25.0954 25.6186
20 ส.ค. 2558 25.0197 25.0905 25.6109
21 ส.ค. 2558 25.0154 25.0794 25.5986
24 ส.ค. 2558 24.9640 25.0349 25.5452
25 ส.ค. 2558 24.9728 25.0403 25.5625
26 ส.ค. 2558 25.0490 25.1209 25.6535
27 ส.ค. 2558 25.0792 25.1488 25.6791
28 ส.ค. 2558 25.1972 25.2662 25.8033
31 ส.ค. 2558 25.0487 25.1221 25.6825
01 ก.ย. 2558 25.0443 25.1122 25.6354
02 ก.ย. 2558 24.9739 25.0499 25.5775
03 ก.ย. 2558 24.9332 25.0063 25.5379
04 ก.ย. 2558 24.9625 25.0326 25.5589
07 ก.ย. 2558 24.9435 25.0167 25.5200
08 ก.ย. 2558 25.0187 25.0895 25.6106
09 ก.ย. 2558 25.1097 25.1817 25.7006
10 ก.ย. 2558 25.1306 25.2033 25.7153
11 ก.ย. 2558 25.1894 25.2654 25.7900
14 ก.ย. 2558 25.2228 25.2871 25.8193
15 ก.ย. 2558 25.3455 25.4147 25.9563
16 ก.ย. 2558 25.3408 25.4130 25.9598
17 ก.ย. 2558 25.2627 25.3408 25.8941
18 ก.ย. 2558 25.1996 25.2765 25.8304
21 ก.ย. 2558 25.0959 25.1754 25.7031
22 ก.ย. 2558 25.0910 25.1704 25.6947
23 ก.ย. 2558 25.0839 25.1487 25.6787
24 ก.ย. 2558 25.0895 25.1597 25.6827
25 ก.ย. 2558 25.1085 25.1742 25.7032
28 ก.ย. 2558 25.0686 25.1387 25.6679
29 ก.ย. 2558 25.1287 25.1994 25.7285
30 ก.ย. 2558 25.1687 25.2383 25.7733
01 ต.ค. 2558 25.1963 25.2664 25.7924
02 ต.ค. 2558 25.1659 25.2337 25.7670
05 ต.ค. 2558 25.1162 25.1799 25.7055
06 ต.ค. 2558 25.1848 25.2561 25.7902
07 ต.ค. 2558 25.0823 25.1564 25.6941
08 ต.ค. 2558 25.1264 25.1947 25.7261
09 ต.ค. 2558 25.1191 25.1849 25.7424
12 ต.ค. 2558 25.0322 25.1018 25.6341
13 ต.ค. 2558 24.9804 25.0500 25.5776
14 ต.ค. 2558 25.1724 25.2409 25.7983
15 ต.ค. 2558 25.2239 25.2934 25.8416
16 ต.ค. 2558 25.2001 25.2766 25.8062
19 ต.ค. 2558 25.1661 25.2366 25.7765
20 ต.ค. 2558 25.1854 25.2562 25.7931
21 ต.ค. 2558 25.1235 25.1905 25.7238
22 ต.ค. 2558 25.2236 25.2976 25.8239
26 ต.ค. 2558 25.1048 25.1856 25.7525
27 ต.ค. 2558 25.1550 25.2215 25.7625
28 ต.ค. 2558 25.1015 25.1706 25.6919
29 ต.ค. 2558 25.0530 25.1236 25.6539
30 ต.ค. 2558 25.0699 25.1409 25.6677
02 พ.ย. 2558 25.0651 25.1340 25.6723
03 พ.ย. 2558 25.1038 25.1743 25.7138
04 พ.ย. 2558 25.1247 25.1958 25.7206
05 พ.ย. 2558 24.9837 25.0554 25.5936
06 พ.ย. 2558 24.9495 25.0178 25.5453
09 พ.ย. 2558 24.8763 24.9469 25.4746
10 พ.ย. 2558 24.9050 24.9799 25.5051
11 พ.ย. 2558 24.9133 24.9889 25.5164
12 พ.ย. 2558 24.9446 25.0185 25.5337
13 พ.ย. 2558 24.9377 25.0074 25.5335
16 พ.ย. 2558 24.9168 24.9822 25.5129
17 พ.ย. 2558 24.9364 25.0081 25.5514
18 พ.ย. 2558 24.9399 25.0100 25.5380
19 พ.ย. 2558 24.9723 25.0432 25.5785
20 พ.ย. 2558 24.9522 25.0189 25.5488
23 พ.ย. 2558 24.9289 24.9952 25.5250
24 พ.ย. 2558 24.9735 25.0393 25.5730
25 พ.ย. 2558 25.0321 25.1014 25.6321
26 พ.ย. 2558 25.0591 25.1332 25.6592
27 พ.ย. 2558 25.0640 25.1334 25.6606
30 พ.ย. 2558 25.0473 25.1164 25.6424
01 ธ.ค. 2558 25.0584 25.1360 25.6726
02 ธ.ค. 2558 25.0852 25.1532 25.6861
03 ธ.ค. 2558 25.0661 25.1365 25.6702
04 ธ.ค. 2558 25.2718 25.3471 25.8779
08 ธ.ค. 2558 25.1783 25.2485 25.7837
09 ธ.ค. 2558 25.1861 25.2555 25.7919
11 ธ.ค. 2558 25.2956 25.3654 25.8811
14 ธ.ค. 2558 25.2353 25.3068 25.8430
15 ธ.ค. 2558 25.2655 25.3326 25.8914
16 ธ.ค. 2558 25.2270 25.3035 25.8205
17 ธ.ค. 2558 25.1549 25.2177 25.7564
18 ธ.ค. 2558 25.1735 25.2412 25.7738
21 ธ.ค. 2558 25.2463 25.3241 25.8635
22 ธ.ค. 2558 25.2998 25.3774 25.9100
23 ธ.ค. 2558 25.3297 25.4175 25.9500
24 ธ.ค. 2558 25.3548 25.4302 25.9582
25 ธ.ค. 2558 25.3347 25.4115 25.9457
28 ธ.ค. 2558 25.3007 25.3838 25.9201
29 ธ.ค. 2558 25.2819 25.3561 25.8815
30 ธ.ค. 2558 25.1784 25.2484 25.7905
04 ม.ค. 2559 25.0627 25.1403 25.6884
05 ม.ค. 2559 25.0349 25.1058 25.6403
06 ม.ค. 2559 24.9980 25.0671 25.5948
07 ม.ค. 2559 24.8997 24.9787 25.5021
08 ม.ค. 2559 24.9563 25.0302 25.5532
11 ม.ค. 2559 24.8779 24.9515 25.4731
12 ม.ค. 2559 24.9137 24.9795 25.5020
13 ม.ค. 2559 24.9323 25.0080 25.5215
14 ม.ค. 2559 24.8985 24.9684 25.4937
15 ม.ค. 2559 24.8966 24.9718 25.5040
18 ม.ค. 2559 24.9008 24.9752 25.4919
19 ม.ค. 2559 24.9010 24.9760 25.4973
20 ม.ค. 2559 24.9099 24.9795 25.5125
21 ม.ค. 2559 24.8957 24.9620 25.5010
22 ม.ค. 2559 24.9057 24.9785 25.5236
25 ม.ค. 2559 24.8657 24.9399 25.4658
26 ม.ค. 2559 24.8023 24.8686 25.4039
27 ม.ค. 2559 24.7879 24.8619 25.3864
28 ม.ค. 2559 24.7212 24.7923 25.3307
29 ม.ค. 2559 24.7577 24.8253 25.3661
01 ก.พ. 2559 24.7014 24.7722 25.2981
02 ก.พ. 2559 24.6906 24.7601 25.2871
03 ก.พ. 2559 24.6997 24.7689 25.3041
04 ก.พ. 2559 24.8218 24.8946 25.4481
05 ก.พ. 2559 25.0688 25.1372 25.6862
08 ก.พ. 2559 24.9310 25.0016 25.5498
09 ก.พ. 2559 24.8933 24.9660 25.5147
10 ก.พ. 2559 24.9996 25.0760 25.6360
11 ก.พ. 2559 25.0556 25.1257 25.6763
12 ก.พ. 2559 25.0235 25.0961 25.6456
15 ก.พ. 2559 25.1303 25.2026 25.7500
16 ก.พ. 2559 25.0980 25.1732 25.7132
17 ก.พ. 2559 25.0022 25.0734 25.6201
18 ก.พ. 2559 24.9998 25.0681 25.6170
19 ก.พ. 2559 24.9809 25.0493 25.5913
23 ก.พ. 2559 25.1570 25.2297 25.7700
24 ก.พ. 2559 25.0478 25.1245 25.6707
25 ก.พ. 2559 25.0465 25.1282 25.6840
26 ก.พ. 2559 25.1220 25.1912 25.7455
29 ก.พ. 2559 25.0090 25.0748 25.6238
01 มี.ค. 2559 25.0198 25.0922 25.6436
02 มี.ค. 2559 25.0511 25.1269 25.6652
03 มี.ค. 2559 25.0987 25.1684 25.7347
04 มี.ค. 2559 25.1793 25.2485 25.8204
07 มี.ค. 2559 25.3720 25.4472 25.9848
08 มี.ค. 2559 25.2831 25.3593 25.9077
09 มี.ค. 2559 25.1536 25.2236 25.7727
10 มี.ค. 2559 25.1578 25.2343 25.7822
11 มี.ค. 2559 25.1722 25.2449 25.7967
14 มี.ค. 2559 25.1733 25.2537 25.7912
15 มี.ค. 2559 25.1223 25.1941 25.7516
16 มี.ค. 2559 25.0493 25.1271 25.6884
17 มี.ค. 2559 25.1766 25.2476 25.7998
18 มี.ค. 2559 25.3717 25.4463 26.0149
21 มี.ค. 2559 25.2890 25.3740 25.9211
22 มี.ค. 2559 25.2841 25.3561 25.9096
23 มี.ค. 2559 25.3387 25.4111 25.9564
24 มี.ค. 2559 25.4080 25.4851 26.0383
25 มี.ค. 2559 25.4094 25.4851 26.0310
28 มี.ค. 2559 25.3867 25.4623 26.0234
29 มี.ค. 2559 25.4890 25.5660 26.1177
30 มี.ค. 2559 25.6676 25.7413 26.3073
31 มี.ค. 2559 25.7277 25.8128 26.3606
01 เม.ย. 2559 25.6921 25.7697 26.3318
04 เม.ย. 2559 25.6952 25.7699 26.3295
05 เม.ย. 2559 25.7144 25.7866 26.3461
07 เม.ย. 2559 25.7484 25.8215 26.3970
08 เม.ย. 2559 25.6664 25.7427 26.3024
11 เม.ย. 2559 25.6652 25.7425 26.2994
12 เม.ย. 2559 25.6881 25.7652 26.3321
18 เม.ย. 2559 25.4292 25.5082 26.0574
19 เม.ย. 2559 25.5523 25.6256 26.1950
20 เม.ย. 2559 25.6609 25.7384 26.2979
21 เม.ย. 2559 25.6593 25.7292 26.3040
22 เม.ย. 2559 25.6411 25.7137 26.2772
25 เม.ย. 2559 25.5808 25.6561 26.2118
26 เม.ย. 2559 25.6166 25.6863 26.2581
27 เม.ย. 2559 25.6703 25.7390 26.3164
28 เม.ย. 2559 25.6934 25.7649 26.3315
29 เม.ย. 2559 25.6505 25.7366 26.3105
03 พ.ค. 2559 25.6356 25.7084 26.2852
04 พ.ค. 2559 25.5903 25.6662 26.2184
09 พ.ค. 2559 25.4394 25.5057 26.0643
10 พ.ค. 2559 25.3548 25.4257 25.9918
11 พ.ค. 2559 25.3688 25.4407 26.0087
12 พ.ค. 2559 25.4188 25.4941 26.0445
13 พ.ค. 2559 25.3767 25.4519 25.9985
16 พ.ค. 2559 25.4445 25.5228 26.0756
17 พ.ค. 2559 25.5069 25.5782 26.1328
18 พ.ค. 2559 25.5772 25.6532 26.2048
19 พ.ค. 2559 25.4863 25.5516 26.1254
23 พ.ค. 2559 25.4803 25.5499 26.1124
24 พ.ค. 2559 25.5280 25.5992 26.1502
25 พ.ค. 2559 25.5265 25.5915 26.1500
26 พ.ค. 2559 25.5135 25.5871 26.1493
27 พ.ค. 2559 25.5570 25.6270 26.1918
30 พ.ค. 2559 25.5339 25.6049 26.1614
31 พ.ค. 2559 25.5368 25.6026 26.1781
01 มิ.ย. 2559 25.5573 25.6304 26.1856
02 มิ.ย. 2559 25.5482 25.6169 26.1779
03 มิ.ย. 2559 25.4968 25.5695 26.1386
06 มิ.ย. 2559 25.6225 25.6930 26.2519
07 มิ.ย. 2559 25.6369 25.7044 26.2712
08 มิ.ย. 2559 25.6889 25.7592 26.3204
09 มิ.ย. 2559 25.6817 25.7541 26.3263
10 มิ.ย. 2559 25.6580 25.7351 26.2948
13 มิ.ย. 2559 25.5408 25.6126 26.1817
14 มิ.ย. 2559 25.6211 25.6925 26.2431
15 มิ.ย. 2559 25.6771 25.7478 26.3238
16 มิ.ย. 2559 25.7068 25.7777 26.3590
17 มิ.ย. 2559 25.7901 25.8618 26.4362
20 มิ.ย. 2559 25.8120 25.8841 26.4543
21 มิ.ย. 2559 25.8522 25.9239 26.4992
22 มิ.ย. 2559 25.8863 25.9623 26.5222
23 มิ.ย. 2559 25.9457 26.0218 26.5934
24 มิ.ย. 2559 25.7180 25.7910 26.4162
27 มิ.ย. 2559 25.6552 25.7136 26.3110
28 มิ.ย. 2559 25.6193 25.6945 26.2804
29 มิ.ย. 2559 25.6961 25.7712 26.3342
30 มิ.ย. 2559 25.7178 25.7975 26.3629
04 ก.ค. 2559 25.7013 25.7797 26.3540
05 ก.ค. 2559 25.6895 25.7544 26.3492
06 ก.ค. 2559 25.6282 25.6942 26.2916
07 ก.ค. 2559 25.6910 25.7589 26.3562
08 ก.ค. 2559 25.7311 25.7980 26.3848
11 ก.ค. 2559 25.7281 25.7949 26.3835
12 ก.ค. 2559 25.6730 25.7399 26.3199
13 ก.ค. 2559 25.7535 25.8291 26.4011
14 ก.ค. 2559 25.7441 25.8160 26.3954
15 ก.ค. 2559 25.6892 25.7573 26.3383
20 ก.ค. 2559 25.4774 25.5577 26.1618
21 ก.ค. 2559 25.4406 25.5165 26.0906
22 ก.ค. 2559 25.4298 25.5009 26.0733
25 ก.ค. 2559 25.3387 25.4236 25.9885
26 ก.ค. 2559 25.4013 25.4741 26.0556
27 ก.ค. 2559 25.4197 25.4907 26.0617
28 ก.ค. 2559 25.4804 25.5508 26.1260
29 ก.ค. 2559 25.4660 25.5379 26.1305
01 ส.ค. 2559 25.5874 25.6633 26.2190
02 ส.ค. 2559 25.5574 25.6283 26.1923
03 ส.ค. 2559 25.5906 25.6658 26.2361
04 ส.ค. 2559 25.6968 25.7689 26.3433
05 ส.ค. 2559 25.6245 25.6971 26.2897
08 ส.ค. 2559 25.5891 25.6576 26.2367
09 ส.ค. 2559 25.5629 25.6367 26.2282
10 ส.ค. 2559 25.5684 25.6459 26.2222
11 ส.ค. 2559 25.5537 25.6354 26.2079
15 ส.ค. 2559 25.4241 25.5044 26.0862
16 ส.ค. 2559 25.4236 25.4917 26.0628
17 ส.ค. 2559 25.4545 25.5274 26.1128
18 ส.ค. 2559 25.4314 25.4996 26.0833
19 ส.ค. 2559 25.4336 25.5058 26.0740
22 ส.ค. 2559 25.3172 25.3840 25.9524
23 ส.ค. 2559 25.2833 25.3555 25.9298
24 ส.ค. 2559 25.2632 25.3394 25.9010
25 ส.ค. 2559 25.2108 25.2810 25.8491
26 ส.ค. 2559 25.1977 25.2647 25.8381
29 ส.ค. 2559 25.1228 25.1892 25.7792
30 ส.ค. 2559 25.0532 25.1232 25.7025
31 ส.ค. 2559 25.0370 25.1046 25.6774
01 ก.ย. 2559 25.0449 25.1178 25.6923
02 ก.ย. 2559 25.0830 25.1551 25.7277
05 ก.ย. 2559 25.1517 25.2226 25.7957
06 ก.ย. 2559 25.2631 25.3326 25.9090
07 ก.ย. 2559 25.3013 25.3784 25.9441
08 ก.ย. 2559 25.3616 25.4384 26.0068
09 ก.ย. 2559 25.3596 25.4320 26.0195
12 ก.ย. 2559 25.2753 25.3476 25.9172
13 ก.ย. 2559 25.3063 25.3822 25.9544
14 ก.ย. 2559 25.2155 25.2910 25.8494
15 ก.ย. 2559 25.1949 25.2630 25.8399
16 ก.ย. 2559 25.2058 25.2783 25.8546
19 ก.ย. 2559 25.1750 25.2481 25.8224
20 ก.ย. 2559 25.1995 25.2746 25.8358
21 ก.ย. 2559 25.1692 25.2387 25.8146
22 ก.ย. 2559 25.2500 25.3173 25.9054
23 ก.ย. 2559 25.1691 25.2378 25.8114
26 ก.ย. 2559 25.1258 25.1933 25.7721
27 ก.ย. 2559 25.0751 25.1478 25.7219
28 ก.ย. 2559 25.0754 25.1477 25.7253
29 ก.ย. 2559 25.0659 25.1367 25.7093
30 ก.ย. 2559 25.0270 25.0985 25.6842
03 ต.ค. 2559 24.9981 25.0680 25.6666
04 ต.ค. 2559 25.0050 25.0669 25.6467
05 ต.ค. 2559 25.0096 25.0789 25.6493
06 ต.ค. 2559 25.0686 25.1391 25.6880
07 ต.ค. 2559 25.0253 25.0991 25.6840
10 ต.ค. 2559 25.1497 25.2150 25.7756
11 ต.ค. 2559 25.1743 25.2387 25.8222
12 ต.ค. 2559 25.3151 25.3832 26.0020
13 ต.ค. 2559 25.4271 25.5057 26.0640
14 ต.ค. 2559 25.0568 25.1332 25.6765
17 ต.ค. 2559 25.0703 25.1245 25.6970
18 ต.ค. 2559 25.0006 25.0798 25.6211
19 ต.ค. 2559 24.8571 24.9371 25.4841
20 ต.ค. 2559 24.8024 24.8770 25.4192
21 ต.ค. 2559 24.8465 24.9242 25.4700
25 ต.ค. 2559 24.8033 24.8838 25.4365
26 ต.ค. 2559 24.8235 24.9018 25.4443
27 ต.ค. 2559 24.8351 24.9182 25.4745
28 ต.ค. 2559 24.8442 24.9232 25.4518
31 ต.ค. 2559 24.8055 24.8857 25.4326
01 พ.ย. 2559 24.8256 24.9051 25.4388
02 พ.ย. 2559 24.8586 24.9390 25.4940
03 พ.ย. 2559 24.8819 24.9646 25.5218
04 พ.ย. 2559 24.8991 24.9801 25.5198
07 พ.ย. 2559 24.9045 24.9832 25.5155
08 พ.ย. 2559 24.7929 24.8747 25.4340
09 พ.ย. 2559 24.7983 24.8598 25.4320
10 พ.ย. 2559 24.7328 24.8050 25.3335
11 พ.ย. 2559 24.6685 24.7461 25.2860
14 พ.ย. 2559 24.6927 24.7721 25.3042
15 พ.ย. 2559 24.7082 24.7873 25.3272
16 พ.ย. 2559 24.7273 24.8055 25.3362
17 พ.ย. 2559 24.6838 24.7620 25.3109
18 พ.ย. 2559 24.6298 24.7081 25.2412
21 พ.ย. 2559 24.5707 24.6506 25.2093
22 พ.ย. 2559 24.5920 24.6723 25.2275
23 พ.ย. 2559 24.5635 24.6455 25.2000
24 พ.ย. 2559 24.5471 24.6270 25.1668
25 พ.ย. 2559 24.5775 24.6574 25.1942
28 พ.ย. 2559 24.6578 24.7383 25.2873
29 พ.ย. 2559 24.6197 24.6968 25.2238
30 พ.ย. 2559 24.6654 24.7453 25.2963
01 ธ.ค. 2559 24.5933 24.6717 25.2095
02 ธ.ค. 2559 24.6647 24.7471 25.2950
06 ธ.ค. 2559 24.7557 24.8344 25.3663
07 ธ.ค. 2559 24.7308 24.8092 25.3384
08 ธ.ค. 2559 24.7978 24.8765 25.4132
09 ธ.ค. 2559 24.6910 24.7692 25.3021
13 ธ.ค. 2559 24.6378 24.7184 25.2608
14 ธ.ค. 2559 24.6143 24.6943 25.2277
15 ธ.ค. 2559 24.4848 24.5610 25.0976
16 ธ.ค. 2559 24.4640 24.5442 25.0880
19 ธ.ค. 2559 24.4653 24.5452 25.0881
20 ธ.ค. 2559 24.4541 24.5317 25.0707
21 ธ.ค. 2559 24.5593 24.6446 25.2082
22 ธ.ค. 2559 24.5739 24.6539 25.1915
23 ธ.ค. 2559 24.5156 24.5933 25.1227
26 ธ.ค. 2559 24.5277 24.6073 25.1416
27 ธ.ค. 2559 24.5059 24.5844 25.1249
28 ธ.ค. 2559 24.5204 24.6005 25.1418
29 ธ.ค. 2559 24.4820 24.5616 25.0973
30 ธ.ค. 2559 24.4468 24.5265 25.0755
04 ม.ค. 2560 24.4288 24.5079 25.0630
05 ม.ค. 2560 24.5487 24.6270 25.1736
06 ม.ค. 2560 24.6040 24.6831 25.2216
09 ม.ค. 2560 24.5014 24.5799 25.1130
10 ม.ค. 2560 24.4821 24.5311 25.1031
11 ม.ค. 2560 24.4266 24.5056 25.0490
12 ม.ค. 2560 24.4231 24.5003 25.0352
13 ม.ค. 2560 24.4559 24.5352 25.0785
16 ม.ค. 2560 24.4530 24.5233 25.0682
17 ม.ค. 2560 24.4571 24.5287 25.0676
18 ม.ค. 2560 24.5228 24.5886 25.1360
19 ม.ค. 2560 24.4483 24.5232 25.0513
20 ม.ค. 2560 24.4603 24.5373 25.0815
23 ม.ค. 2560 24.5315 24.5965 25.1424
24 ม.ค. 2560 24.5104 24.5810 25.1337
25 ม.ค. 2560 24.4713 24.5427 25.1056
26 ม.ค. 2560 24.5557 24.6320 25.1685
27 ม.ค. 2560 24.4204 24.4961 25.0408
30 ม.ค. 2560 24.3972 24.4670 25.0159
31 ม.ค. 2560 24.4461 24.5104 25.0508
01 ก.พ. 2560 24.5205 24.5913 25.1373
02 ก.พ. 2560 24.5146 24.5897 25.1286
03 ก.พ. 2560 24.4817 24.5667 25.1250
06 ก.พ. 2560 24.5329 24.6057 25.1524
07 ก.พ. 2560 24.4223 24.4982 25.0641
08 ก.พ. 2560 24.3632 24.4315 24.9777
09 ก.พ. 2560 24.3628 24.4314 24.9786
10 ก.พ. 2560 24.3103 24.3925 24.9599
14 ก.พ. 2560 24.3183 24.3889 24.9369
15 ก.พ. 2560 24.2980 24.3700 24.9151
16 ก.พ. 2560 24.3190 24.3911 24.9385
17 ก.พ. 2560 24.3453 24.4182 24.9670
20 ก.พ. 2560 24.3294 24.4105 24.9684
21 ก.พ. 2560 24.3186 24.3951 24.9339
22 ก.พ. 2560 24.3233 24.3965 24.9428
23 ก.พ. 2560 24.3841 24.4555 24.9941
24 ก.พ. 2560 24.4872 24.5645 25.1076
27 ก.พ. 2560 24.4801 24.5436 25.1080
28 ก.พ. 2560 24.4842 24.5521 25.1012
01 มี.ค. 2560 24.5260 24.5942 25.1564
02 มี.ค. 2560 24.4624 24.5348 25.0982
03 มี.ค. 2560 24.4465 24.5199 25.0747
06 มี.ค. 2560 24.4815 24.5647 25.1249
07 มี.ค. 2560 24.4790 24.5592 25.1389
08 มี.ค. 2560 24.5873 24.6548 25.2108
09 มี.ค. 2560 24.5686 24.6326 25.1744
10 มี.ค. 2560 24.5784 24.6458 25.1907
13 มี.ค. 2560 24.6624 24.7354 25.2839
14 มี.ค. 2560 24.6242 24.6943 25.2416
15 มี.ค. 2560 24.5885 24.6658 25.2310
16 มี.ค. 2560 24.6280 24.6953 25.2723
17 มี.ค. 2560 24.5751 24.6439 25.2052
20 มี.ค. 2560 24.4598 24.5360 25.0862
21 มี.ค. 2560 24.4910 24.5574 25.1193
22 มี.ค. 2560 24.4295 24.5024 25.0633
23 มี.ค. 2560 24.3838 24.4572 25.0156
24 มี.ค. 2560 24.3981 24.4664 25.0228
27 มี.ค. 2560 24.3711 24.4421 24.9849
28 มี.ค. 2560 24.3474 24.4181 24.9705
29 มี.ค. 2560 24.3433 24.4129 24.9793
30 มี.ค. 2560 24.3707 24.4406 24.9913
31 มี.ค. 2560 24.3115 24.3829 24.9251
03 เม.ย. 2560 24.2389 24.3083 24.8416
04 เม.ย. 2560 24.2797 24.3492 24.8944
05 เม.ย. 2560 24.3366 24.4078 24.9432
07 เม.ย. 2560 24.3590 24.4271 24.9406
10 เม.ย. 2560 24.2837 24.3515 24.8914
11 เม.ย. 2560 24.2843 24.3515 24.8881
12 เม.ย. 2560 24.2775 24.3509 24.9069
17 เม.ย. 2560 24.2399 24.3115 24.8652
18 เม.ย. 2560 24.2507 24.3238 24.8789
19 เม.ย. 2560 24.2327 24.3008 24.8608
20 เม.ย. 2560 24.2496 24.3222 24.8739
21 เม.ย. 2560 24.2666 24.3366 24.9070
24 เม.ย. 2560 24.2976 24.3670 24.9241
25 เม.ย. 2560 24.3322 24.4021 24.9444
26 เม.ย. 2560 24.3700 24.4446 24.9873
27 เม.ย. 2560 24.3942 24.4654 24.9977
28 เม.ย. 2560 24.4563 24.5261 25.0719
02 พ.ค. 2560 24.4262 24.4979 25.0502
03 พ.ค. 2560 24.3804 24.4521 25.0045
04 พ.ค. 2560 24.4075 24.4749 25.0224
05 พ.ค. 2560 24.3634 24.4343 24.9787
08 พ.ค. 2560 24.3332 24.4010 24.9554
09 พ.ค. 2560 24.3109 24.3799 24.9404
11 พ.ค. 2560 24.2952 24.3697 24.9429
12 พ.ค. 2560 24.3003 24.3740 24.9396
15 พ.ค. 2560 24.3283 24.3981 24.9523
16 พ.ค. 2560 24.3247 24.4022 24.9620
17 พ.ค. 2560 24.3717 24.4446 25.0018
18 พ.ค. 2560 24.4333 24.5035 25.0817
19 พ.ค. 2560 24.4433 24.5114 25.0726
22 พ.ค. 2560 24.4189 24.4910 25.0511
23 พ.ค. 2560 24.4441 24.5116 25.0641
24 พ.ค. 2560 24.4379 24.5038 25.0714
25 พ.ค. 2560 24.4065 24.4765 25.0541
26 พ.ค. 2560 24.2539 24.3290 24.8821
29 พ.ค. 2560 24.2840 24.3546 24.9081
30 พ.ค. 2560 24.2605 24.3332 24.8908
31 พ.ค. 2560 24.2721 24.3397 24.9019
01 มิ.ย. 2560 24.2604 24.3302 24.9350
02 มิ.ย. 2560 24.3134 24.3816 24.9495
05 มิ.ย. 2560 24.2942 24.3662 24.9311
06 มิ.ย. 2560 24.2793 24.3492 24.9156
07 มิ.ย. 2560 24.2699 24.3402 24.9135
08 มิ.ย. 2560 24.2727 24.3468 24.9080
09 มิ.ย. 2560 24.2729 24.3398 24.9171
12 มิ.ย. 2560 24.2635 24.3401 24.8995
13 มิ.ย. 2560 24.2308 24.3003 24.8613
14 มิ.ย. 2560 24.1983 24.2695 24.8240
15 มิ.ย. 2560 24.2584 24.3301 24.9075
16 มิ.ย. 2560 24.2106 24.2820 24.8327
19 มิ.ย. 2560 24.2028 24.2754 24.8281
20 มิ.ย. 2560 24.1564 24.2275 24.7753
21 มิ.ย. 2560 24.1353 24.2086 24.7790
22 มิ.ย. 2560 24.1027 24.1789 24.7319
23 มิ.ย. 2560 24.1063 24.1802 24.7224
26 มิ.ย. 2560 24.1380 24.2054 24.7434
27 มิ.ย. 2560 24.1463 24.2176 24.7633
28 มิ.ย. 2560 24.1707 24.2411 24.7818
29 มิ.ย. 2560 24.2277 24.3033 24.8649
30 มิ.ย. 2560 24.3151 24.3918 24.9409
03 ก.ค. 2560 24.2955 24.3746 24.9447
04 ก.ค. 2560 24.2595 24.3284 24.8858
05 ก.ค. 2560 24.2611 24.3343 24.8987
06 ก.ค. 2560 24.2942 24.3682 24.9293
07 ก.ค. 2560 24.3032 24.3757 24.9332
11 ก.ค. 2560 24.2807 24.3570 24.9086
12 ก.ค. 2560 24.2908 24.3624 24.9124
13 ก.ค. 2560 24.2967 24.3713 24.9226
14 ก.ค. 2560 24.3090 24.3816 24.9436
17 ก.ค. 2560 24.2734 24.3448 24.8980
18 ก.ค. 2560 24.2110 24.2781 24.8454
19 ก.ค. 2560 24.2662 24.3338 24.8852
20 ก.ค. 2560 24.2234 24.2928 24.8461
21 ก.ค. 2560 24.2073 24.2807 24.8208
24 ก.ค. 2560 24.1919 24.2645 24.8238
25 ก.ค. 2560 24.2027 24.2767 24.8396
26 ก.ค. 2560 24.2348 24.3053 24.8528
27 ก.ค. 2560 24.2302 24.2982 24.8582
31 ก.ค. 2560 24.2004 24.2701 24.8411
01 ส.ค. 2560 24.1928 24.2633 24.8308
02 ส.ค. 2560 24.1427 24.2129 24.7775
03 ส.ค. 2560 24.1118 24.1826 24.7434
04 ส.ค. 2560 24.1281 24.1995 24.7609
07 ส.ค. 2560 24.1207 24.1904 24.7452
08 ส.ค. 2560 24.0864 24.1583 24.7186
09 ส.ค. 2560 24.0458 24.1190 24.6922
10 ส.ค. 2560 24.0466 24.1163 24.6670
11 ส.ค. 2560 24.0482 24.1180 24.6639
15 ส.ค. 2560 24.0483 24.1195 24.6744
16 ส.ค. 2560 23.9939 24.0755 24.6297
17 ส.ค. 2560 24.0483 24.1147 24.6720
18 ส.ค. 2560 23.9851 24.0589 24.6351
21 ส.ค. 2560 24.0235 24.0962 24.6594
22 ส.ค. 2560 24.0868 24.1578 24.7083
23 ส.ค. 2560 24.0729 24.1438 24.6988
24 ส.ค. 2560 24.1574 24.2289 24.7801
25 ส.ค. 2560 24.1518 24.2263 24.7744
28 ส.ค. 2560 24.1586 24.2307 24.7955
29 ส.ค. 2560 24.1599 24.2322 24.7944
30 ส.ค. 2560 24.1632 24.2340 24.7837
31 ส.ค. 2560 24.1032 24.1738 24.7330
01 ก.ย. 2560 24.1090 24.1814 24.7512
04 ก.ย. 2560 24.0791 24.1536 24.7358
05 ก.ย. 2560 24.0993 24.1748 24.7477
06 ก.ย. 2560 24.1649 24.2302 24.7967
07 ก.ย. 2560 24.2226 24.2977 24.8519
08 ก.ย. 2560 24.3551 24.4253 24.9751
11 ก.ย. 2560 24.3066 24.3813 24.9557
12 ก.ย. 2560 24.2347 24.3108 24.9023
13 ก.ย. 2560 24.2300 24.3045 24.8809
14 ก.ย. 2560 24.1643 24.2349 24.8062
15 ก.ย. 2560 24.1973 24.2687 24.8274
18 ก.ย. 2560 24.2497 24.3230 24.8856
19 ก.ย. 2560 24.2118 24.2818 24.8320
20 ก.ย. 2560 24.2099 24.2832 24.8485
21 ก.ย. 2560 24.1682 24.2395 24.7877
22 ก.ย. 2560 24.1817 24.2578 24.8141
25 ก.ย. 2560 24.2190 24.2872 24.8492
26 ก.ย. 2560 24.1760 24.2494 24.8132
27 ก.ย. 2560 24.1823 24.2566 24.8087
28 ก.ย. 2560 24.1799 24.2476 24.8084
29 ก.ย. 2560 24.2139 24.2819 24.8438
02 ต.ค. 2560 24.1811 24.2529 24.8126
03 ต.ค. 2560 24.1849 24.2585 24.8245
04 ต.ค. 2560 24.1829 24.2575 24.8013
05 ต.ค. 2560 24.1355 24.2078 24.7637
06 ต.ค. 2560 24.1264 24.2016 24.7532
09 ต.ค. 2560 24.1342 24.2027 24.7580
10 ต.ค. 2560 24.1686 24.2420 24.8072
11 ต.ค. 2560 24.1466 24.2178 24.7756
12 ต.ค. 2560 24.1299 24.2036 24.7657
16 ต.ค. 2560 24.1211 24.1954 24.7610
17 ต.ค. 2560 24.0799 24.1527 24.7050
18 ต.ค. 2560 24.0670 24.1450 24.7038
19 ต.ค. 2560 24.0760 24.1476 24.6896
20 ต.ค. 2560 24.0504 24.1198 24.6735
24 ต.ค. 2560 24.0241 24.0973 24.6491
25 ต.ค. 2560 24.0124 24.0846 24.6433
27 ต.ค. 2560 23.9783 24.0512 24.6040
30 ต.ค. 2560 23.9940 24.0693 24.6195
31 ต.ค. 2560 24.0551 24.1288 24.6871
01 พ.ย. 2560 24.0122 24.0814 24.6317
02 พ.ย. 2560 24.0216 24.0976 24.6412
03 พ.ย. 2560 23.9914 24.0640 24.6241
06 พ.ย. 2560 23.9574 24.0283 24.5769
07 พ.ย. 2560 23.9718 24.0435 24.5926
08 พ.ย. 2560 23.9566 24.0285 24.5830
09 พ.ย. 2560 23.9520 24.0231 24.5867
10 พ.ย. 2560 23.9915 24.0641 24.6195
13 พ.ย. 2560 23.9610 24.0379 24.5941
14 พ.ย. 2560 23.9417 24.0194 24.5741
15 พ.ย. 2560 23.9643 24.0332 24.5905
16 พ.ย. 2560 23.9778 24.0511 24.6147
17 พ.ย. 2560 23.9230 23.9944 24.5371
20 พ.ย. 2560 23.8265 23.8983 24.4640
21 พ.ย. 2560 23.8465 23.9186 24.4686
22 พ.ย. 2560 23.8463 23.9151 24.4626
23 พ.ย. 2560 23.9301 24.0004 24.5538
24 พ.ย. 2560 23.9303 24.0026 24.5554
27 พ.ย. 2560 23.9069 23.9989 24.5512
28 พ.ย. 2560 23.8731 23.9521 24.5180
29 พ.ย. 2560 23.8685 23.9412 24.4863
30 พ.ย. 2560 23.8563 23.9247 24.4768
01 ธ.ค. 2560 23.8821 23.9504 24.5024
04 ธ.ค. 2560 23.8606 23.9326 24.4878
06 ธ.ค. 2560 23.8591 23.9299 24.4776
07 ธ.ค. 2560 23.8414 23.9139 24.4690
08 ธ.ค. 2560 23.7983 23.8658 24.4157
12 ธ.ค. 2560 23.7573 23.8284 24.4110
13 ธ.ค. 2560 23.7674 23.8401 24.4004
14 ธ.ค. 2560 23.7825 23.8499 24.4294
15 ธ.ค. 2560 23.8057 23.8733 24.4309
18 ธ.ค. 2560 23.7778 23.8586 24.4232
19 ธ.ค. 2560 23.9632 24.0407 24.6045
20 ธ.ค. 2560 23.9677 24.0348 24.5950
21 ธ.ค. 2560 23.9943 24.0585 24.6182
22 ธ.ค. 2560 23.9975 24.0685 24.6187
25 ธ.ค. 2560 24.0182 24.0899 24.6244
26 ธ.ค. 2560 24.0348 24.1054 24.6593
27 ธ.ค. 2560 24.0837 24.1583 24.7186
28 ธ.ค. 2560 24.0706 24.1319 24.6936
29 ธ.ค. 2560 24.1019 24.1711 24.7294
03 ม.ค. 2561 24.0347 24.1108 24.6673
04 ม.ค. 2561 23.9491 24.0191 24.5730
05 ม.ค. 2561 23.9082 23.9899 24.5536
08 ม.ค. 2561 23.8605 23.9285 24.4884
09 ม.ค. 2561 23.8539 23.9229 24.4823
10 ม.ค. 2561 23.7920 23.8634 24.4167
11 ม.ค. 2561 23.7163 23.7868 24.3372
12 ม.ค. 2561 23.6921 23.7608 24.3403
15 ม.ค. 2561 23.7818 23.8547 24.4112
16 ม.ค. 2561 23.8078 23.8781 24.4341
17 ม.ค. 2561 23.8271 23.8976 24.4565
18 ม.ค. 2561 23.7801 23.8516 24.3990
19 ม.ค. 2561 23.7922 23.8656 24.4250
22 ม.ค. 2561 23.7882 23.8608 24.4154
23 ม.ค. 2561 23.7914 23.8642 24.4183
24 ม.ค. 2561 23.7667 23.8393 24.3895
25 ม.ค. 2561 23.7200 23.7860 24.3466
26 ม.ค. 2561 23.6533 23.7198 24.2875
29 ม.ค. 2561 23.6148 23.6862 24.2424
30 ม.ค. 2561 23.6436 23.7147 24.2599
31 ม.ค. 2561 23.5834 23.6544 24.2131
01 ก.พ. 2561 23.5419 23.6167 24.1931
02 ก.พ. 2561 23.5592 23.6319 24.1862
05 ก.พ. 2561 23.5403 23.6123 24.1733
06 ก.พ. 2561 23.5945 23.6665 24.2090
07 ก.พ. 2561 23.5303 23.6034 24.1592
08 ก.พ. 2561 23.5660 23.6369 24.2032
09 ก.พ. 2561 23.5534 23.6215 24.1609
12 ก.พ. 2561 23.4812 23.5620 24.1511
13 ก.พ. 2561 23.4779 23.5494 24.1264
14 ก.พ. 2561 23.4458 23.5167 24.0692
15 ก.พ. 2561 23.4483 23.5243 24.0991
16 ก.พ. 2561 23.5329 23.6057 24.1706
19 ก.พ. 2561 23.5176 23.5863 24.1557
20 ก.พ. 2561 23.5485 23.6192 24.1813
21 ก.พ. 2561 23.5428 23.6133 24.1707
22 ก.พ. 2561 23.5158 23.5814 24.1345
23 ก.พ. 2561 23.4944 23.5604 24.1150
26 ก.พ. 2561 23.4582 23.5309 24.0659
27 ก.พ. 2561 23.4260 23.4948 24.0573
28 ก.พ. 2561 23.3955 23.4629 24.0344
02 มี.ค. 2561 23.4617 23.5330 24.0873
05 มี.ค. 2561 23.4544 23.5299 24.1147
06 มี.ค. 2561 23.4715 23.5374 24.0935
07 มี.ค. 2561 23.4606 23.5211 24.0846
08 มี.ค. 2561 23.4685 23.5424 24.0977
09 มี.ค. 2561 23.4502 23.5159 24.0640
12 มี.ค. 2561 23.4563 23.5281 24.1081
13 มี.ค. 2561 23.4621 23.5315 24.1061
14 มี.ค. 2561 23.4362 23.5075 24.0781
15 มี.ค. 2561 23.4188 23.4991 24.0823
16 มี.ค. 2561 23.3959 23.4718 24.0361
19 มี.ค. 2561 23.3388 23.4159 23.9881
20 มี.ค. 2561 23.3503 23.4225 23.9992
21 มี.ค. 2561 23.3196 23.3911 23.9545
22 มี.ค. 2561 23.3874 23.4605 24.0425
23 มี.ค. 2561 23.4116 23.4841 24.0671
26 มี.ค. 2561 23.3816 23.4546 24.0425
27 มี.ค. 2561 23.4443 23.5185 24.0722
28 มี.ค. 2561 23.4912 23.5699 24.1448
29 มี.ค. 2561 23.4762 23.5430 24.1020
30 มี.ค. 2561 23.4709 23.5425 24.1021
02 เม.ย. 2561 23.4322 23.5064 24.0910
03 เม.ย. 2561 23.4483 23.5214 24.0756
04 เม.ย. 2561 23.4415 23.5152 24.0783
05 เม.ย. 2561 23.4223 23.4962 24.0735
09 เม.ย. 2561 23.4216 23.4941 24.0637
10 เม.ย. 2561 23.4685 23.5393 24.1197
11 เม.ย. 2561 23.4761 23.5521 24.1078
12 เม.ย. 2561 23.4520 23.5253 24.0886
17 เม.ย. 2561 23.4390 23.5135 24.0955
18 เม.ย. 2561 23.4664 23.5433 24.1022
19 เม.ย. 2561 23.4895 23.5616 24.1146
20 เม.ย. 2561 23.4524 23.5276 24.1077
23 เม.ย. 2561 23.4867 23.5582 24.1157
24 เม.ย. 2561 23.4301 23.5027 24.0660
25 เม.ย. 2561 23.4192 23.4943 24.0592
26 เม.ย. 2561 23.4313 23.5009 24.0662
27 เม.ย. 2561 23.4535 23.5268 24.1072
30 เม.ย. 2561 23.4376 23.5082 24.0874
02 พ.ค. 2561 23.4199 23.4890 24.0516
03 พ.ค. 2561 23.4062 23.4812 24.0511
04 พ.ค. 2561 23.4253 23.5004 24.0620
07 พ.ค. 2561 23.4648 23.5371 24.1129
08 พ.ค. 2561 23.5146 23.5836 24.1309
09 พ.ค. 2561 23.5387 23.6100 24.1556
10 พ.ค. 2561 23.5646 23.6300 24.1791
11 พ.ค. 2561 23.5473 23.6162 24.1685
14 พ.ค. 2561 23.5256 23.5952 24.1620
15 พ.ค. 2561 23.5293 23.5969 24.1480
16 พ.ค. 2561 23.5504 23.6224 24.1833
17 พ.ค. 2561 23.5539 23.6277 24.1785
18 พ.ค. 2561 23.5704 23.6443 24.2199
21 พ.ค. 2561 23.6034 23.6756 24.2420
22 พ.ค. 2561 23.6201 23.6920 24.2675
23 พ.ค. 2561 23.5731 23.6429 24.1945
24 พ.ค. 2561 23.5646 23.6369 24.1899
25 พ.ค. 2561 23.5344 23.6053 24.1527
28 พ.ค. 2561 23.4591 23.5356 24.1139
30 พ.ค. 2561 23.5380 23.6091 24.1598
31 พ.ค. 2561 23.5631 23.6317 24.1930
01 มิ.ย. 2561 23.6100 23.6802 24.2382
04 มิ.ย. 2561 23.5898 23.6580 24.2206
05 มิ.ย. 2561 23.5883 23.6644 24.2384
06 มิ.ย. 2561 23.5837 23.6545 24.2132
07 มิ.ย. 2561 23.6091 23.6808 24.2422
08 มิ.ย. 2561 23.6572 23.7274 24.2969
11 มิ.ย. 2561 23.6530 23.7262 24.3041
12 มิ.ย. 2561 23.6509 23.7245 24.3000
13 มิ.ย. 2561 23.6761 23.7495 24.3200
14 มิ.ย. 2561 23.7125 23.7829 24.3576
15 มิ.ย. 2561 23.7102 23.7816 24.3420
18 มิ.ย. 2561 23.8390 23.9108 24.4591
19 มิ.ย. 2561 23.8165 23.8969 24.4734
20 มิ.ย. 2561 23.7805 23.8483 24.4088
21 มิ.ย. 2561 23.8175 23.8879 24.4609
22 มิ.ย. 2561 23.9099 23.9761 24.5277
25 มิ.ย. 2561 23.8645 23.9361 24.5083
26 มิ.ย. 2561 23.8627 23.9352 24.5008
27 มิ.ย. 2561 23.8812 23.9482 24.5068
28 มิ.ย. 2561 23.8220 23.8913 24.4464
29 มิ.ย. 2561 23.9415 24.0094 24.5601
02 ก.ค. 2561 23.9074 23.9751 24.5254
03 ก.ค. 2561 23.8774 23.9512 24.5403
04 ก.ค. 2561 23.9506 24.0216 24.5820
05 ก.ค. 2561 23.9589 24.0328 24.6083
06 ก.ค. 2561 23.9898 24.0603 24.6197
09 ก.ค. 2561 24.0487 24.1306 24.7084
10 ก.ค. 2561 24.0871 24.1650 24.7376
11 ก.ค. 2561 24.1063 24.1810 24.7386
12 ก.ค. 2561 24.0856 24.1544 24.7221
13 ก.ค. 2561 24.0401 24.1071 24.6579
16 ก.ค. 2561 24.0372 24.1101 24.6880
17 ก.ค. 2561 24.0575 24.1360 24.7197
18 ก.ค. 2561 24.0606 24.1334 24.6934
19 ก.ค. 2561 24.0633 24.1362 24.7080
20 ก.ค. 2561 24.0812 24.1489 24.6934
23 ก.ค. 2561 24.1290 24.2040 24.7960
24 ก.ค. 2561 24.1382 24.2140 24.7898
25 ก.ค. 2561 24.1194 24.1866 24.7538
26 ก.ค. 2561 24.0964 24.1675 24.7294
31 ก.ค. 2561 24.1112 24.1834 24.7640
01 ส.ค. 2561 24.0361 24.1031 24.6551
02 ส.ค. 2561 23.9804 24.0505 24.6308
03 ส.ค. 2561 23.9920 24.0670 24.6480
06 ส.ค. 2561 23.9774 24.0512 24.6198
07 ส.ค. 2561 24.0120 24.0815 24.6639
08 ส.ค. 2561 24.0114 24.0762 24.6373
09 ส.ค. 2561 23.9878 24.0591 24.6357
10 ส.ค. 2561 23.9624 24.0317 24.5844
14 ส.ค. 2561 23.8969 23.9734 24.5290
15 ส.ค. 2561 23.8243 23.8961 24.4617
16 ส.ค. 2561 23.8114 23.8842 24.4560
17 ส.ค. 2561 23.8009 23.8717 24.4257
20 ส.ค. 2561 23.8391 23.9107 24.4783
21 ส.ค. 2561 23.6498 23.7160 24.2899
22 ส.ค. 2561 23.5971 23.6642 24.2187
23 ส.ค. 2561 23.5769 23.6598 24.2285
24 ส.ค. 2561 23.5464 23.6316 24.2037
27 ส.ค. 2561 23.4907 23.6063 24.1870
28 ส.ค. 2561 23.5179 23.6059 24.1606
29 ส.ค. 2561 23.5782 23.6730 24.2216
30 ส.ค. 2561 23.5463 23.6646 24.2449
31 ส.ค. 2561 23.5896 23.6745 24.2257
03 ก.ย. 2561 23.5049 23.5971 24.1826
04 ก.ย. 2561 23.4541 23.5547 24.1332
05 ก.ย. 2561 23.4421 23.5509 24.1136
06 ก.ย. 2561 23.4462 23.5572 24.1247
07 ก.ย. 2561 23.4699 23.5688 24.1264
10 ก.ย. 2561 23.4281 23.5284 24.1075
11 ก.ย. 2561 23.4155 23.5446 24.1080
12 ก.ย. 2561 23.4292 23.5572 24.1186
13 ก.ย. 2561 23.4208 23.5064 24.0727
14 ก.ย. 2561 23.3991 23.5014 24.0770
17 ก.ย. 2561 23.4280 23.5022 24.0759
18 ก.ย. 2561 23.4217 23.4942 24.0416
19 ก.ย. 2561 23.4100 23.4810 24.0432
20 ก.ย. 2561 23.2940 23.3675 23.9503
21 ก.ย. 2561 23.3876 23.4600 24.0397
24 ก.ย. 2561 23.4324 23.5036 24.0626
25 ก.ย. 2561 23.4083 23.4788 24.0397
26 ก.ย. 2561 23.4183 23.4909 24.0435
27 ก.ย. 2561 23.4199 23.4883 24.0403
28 ก.ย. 2561 23.3481 23.4210 23.9824
01 ต.ค. 2561 23.2365 23.3097 23.8845
02 ต.ค. 2561 23.1984 23.2661 23.8311
03 ต.ค. 2561 23.2118 23.2804 23.8334
04 ต.ค. 2561 23.2547 23.3283 23.8966
05 ต.ค. 2561 23.3802 23.4500 24.0102
08 ต.ค. 2561 23.4315 23.5020 24.0665
09 ต.ค. 2561 23.4342 23.5004 24.0701
10 ต.ค. 2561 23.4736 23.5501 24.1000
11 ต.ค. 2561 23.4802 23.5472 24.0901
12 ต.ค. 2561 23.4465 23.5188 24.0667
16 ต.ค. 2561 23.3788 23.4499 24.0212
17 ต.ค. 2561 23.3384 23.4071 23.9580
18 ต.ค. 2561 23.3109 23.3811 23.9396
19 ต.ค. 2561 23.2969 23.3681 23.9173
22 ต.ค. 2561 23.3269 23.3982 23.9566
24 ต.ค. 2561 23.4516 23.5238 24.0993
25 ต.ค. 2561 23.4916 23.5703 24.1400
26 ต.ค. 2561 23.5260 23.5934 24.1661
29 ต.ค. 2561 23.6319 23.7022 24.2693
30 ต.ค. 2561 23.7025 23.7748 24.3444
31 ต.ค. 2561 23.6584 23.7266 24.3113
01 พ.ย. 2561 23.5535 23.6214 24.1761
02 พ.ย. 2561 23.5760 23.6485 24.2027
05 พ.ย. 2561 23.5684 23.6400 24.2077
06 พ.ย. 2561 23.6242 23.6999 24.2603
07 พ.ย. 2561 23.6331 23.6974 24.2487
08 พ.ย. 2561 23.5991 23.6669 24.2319
09 พ.ย. 2561 23.6427 23.7109 24.2774
12 พ.ย. 2561 23.6444 23.7171 24.2837
13 พ.ย. 2561 23.5457 23.6164 24.1807
14 พ.ย. 2561 23.5125 23.5808 24.1353
15 พ.ย. 2561 23.5357 23.6093 24.1687
16 พ.ย. 2561 23.6326 23.7036 24.2672
19 พ.ย. 2561 23.6254 23.6990 24.2602
20 พ.ย. 2561 23.6647 23.7385 24.3195
21 พ.ย. 2561 23.6452 23.7180 24.2810
22 พ.ย. 2561 23.6136 23.6879 24.2728
23 พ.ย. 2561 23.6659 23.7388 24.3200
26 พ.ย. 2561 23.6857 23.7599 24.3327
27 พ.ย. 2561 23.6740 23.7474 24.3115
28 พ.ย. 2561 23.6304 23.7029 24.2659
29 พ.ย. 2561 23.6226 23.6935 24.2375
30 พ.ย. 2561 23.6793 23.7502 24.2962
03 ธ.ค. 2561 23.6305 23.6992 24.2678
04 ธ.ค. 2561 23.6159 23.6793 24.2508
06 ธ.ค. 2561 23.6147 23.6854 24.2406
07 ธ.ค. 2561 23.6279 23.6965 24.2502
11 ธ.ค. 2561 23.5578 23.6339 24.2024
12 ธ.ค. 2561 23.5175 23.5848 24.1518
13 ธ.ค. 2561 23.4942 23.5749 24.1369
14 ธ.ค. 2561 23.5166 23.5888 24.1510
17 ธ.ค. 2561 23.4879 23.5608 24.1248
18 ธ.ค. 2561 23.5133 23.5851 24.1448
19 ธ.ค. 2561 23.5358 23.6120 24.1574
20 ธ.ค. 2561 23.5220 23.5943 24.1604
21 ธ.ค. 2561 23.4989 23.5683 24.1176
24 ธ.ค. 2561 23.4191 23.4919 24.0616
25 ธ.ค. 2561 23.3725 23.4486 24.0303
26 ธ.ค. 2561 23.4001 23.4729 24.0400
27 ธ.ค. 2561 23.3887 23.4632 24.0252
28 ธ.ค. 2561 23.3454 23.4165 23.9720
02 ม.ค. 2562 23.3741 23.4442 23.9966
03 ม.ค. 2562 23.2319 23.3045 23.8722
04 ม.ค. 2562 23.1928 23.2624 23.8085
07 ม.ค. 2562 23.1810 23.2540 23.8200
08 ม.ค. 2562 23.2382 23.3096 23.8727
09 ม.ค. 2562 23.2527 23.3293 23.8733
10 ม.ค. 2562 23.2443 23.3240 23.8865
11 ม.ค. 2562 23.2619 23.3354 23.8859
14 ม.ค. 2562 23.2541 23.3307 23.8974
15 ม.ค. 2562 23.2263 23.3067 23.8629
16 ม.ค. 2562 23.1527 23.2272 23.7636
17 ม.ค. 2562 22.9917 23.0615 23.6043
18 ม.ค. 2562 23.0330 23.0997 23.6504
21 ม.ค. 2562 23.0223 23.1009 23.6390
22 ม.ค. 2562 23.0402 23.1225 23.6626
23 ม.ค. 2562 23.0009 23.0803 23.6227
24 ม.ค. 2562 22.9914 23.0716 23.6116
25 ม.ค. 2562 22.9643 23.0446 23.5807
28 ม.ค. 2562 22.9289 23.0109 23.5640
29 ม.ค. 2562 22.9637 23.0454 23.5920
30 ม.ค. 2562 22.9316 23.0119 23.5568
31 ม.ค. 2562 22.8499 22.9312 23.4767
01 ก.พ. 2562 22.8969 22.9758 23.5069
04 ก.พ. 2562 22.8144 22.8951 23.4437
05 ก.พ. 2562 22.7912 22.8724 23.4202
06 ก.พ. 2562 22.7584 22.8377 23.3804
07 ก.พ. 2562 22.7172 22.7971 23.3290
08 ก.พ. 2562 22.7383 22.8205 23.3651
11 ก.พ. 2562 22.8155 22.8962 23.4354
12 ก.พ. 2562 22.7419 22.8218 23.3610
13 ก.พ. 2562 22.7213 22.7991 23.3373
14 ก.พ. 2562 22.7676 22.8445 23.3842
15 ก.พ. 2562 22.7028 22.7829 23.3225
18 ก.พ. 2562 22.6823 22.7632 23.3134
20 ก.พ. 2562 22.6578 22.7384 23.2771
21 ก.พ. 2562 22.6882 22.7666 23.3011
22 ก.พ. 2562 22.7445 22.8212 23.3509
25 ก.พ. 2562 22.8375 22.9147 23.4608
26 ก.พ. 2562 22.8202 22.9011 23.4530
27 ก.พ. 2562 22.9358 23.0148 23.5563
28 ก.พ. 2562 22.9866 23.0665 23.6120
01 มี.ค. 2562 23.0476 23.1254 23.6648
04 มี.ค. 2562 23.1299 23.2108 23.7620
05 มี.ค. 2562 23.1777 23.2558 23.8205
06 มี.ค. 2562 23.1092 23.1867 23.7269
07 มี.ค. 2562 23.1441 23.2243 23.7652
08 มี.ค. 2562 23.0541 23.1296 23.6692
11 มี.ค. 2562 22.9660 23.0484 23.6088
12 มี.ค. 2562 22.9966 23.0765 23.6187
13 มี.ค. 2562 22.9889 23.0668 23.6100
14 มี.ค. 2562 23.0285 23.1113 23.6603
15 มี.ค. 2562 23.0817 23.1590 23.6901
18 มี.ค. 2562 23.0536 23.1344 23.6824
19 มี.ค. 2562 23.0775 23.1613 23.7277
20 มี.ค. 2562 23.1061 23.1855 23.7299
21 มี.ค. 2562 23.1474 23.2278 23.7839
22 มี.ค. 2562 23.1661 23.2444 23.7790
25 มี.ค. 2562 23.0271 23.1049 23.6507
26 มี.ค. 2562 23.0378 23.1178 23.6704
27 มี.ค. 2562 23.0842 23.1627 23.7011
28 มี.ค. 2562 23.1793 23.2573 23.7828
29 มี.ค. 2562 23.1258 23.2042 23.7379
01 เม.ย. 2562 23.0628 23.1435 23.6883
02 เม.ย. 2562 23.0609 23.1417 23.6874
03 เม.ย. 2562 23.1037 23.1787 23.7357
04 เม.ย. 2562 23.1262 23.2049 23.7439
05 เม.ย. 2562 23.1761 23.2554 23.7861
09 เม.ย. 2562 23.1779 23.2576 23.8043
10 เม.ย. 2562 23.1507 23.2316 23.7793
11 เม.ย. 2562 23.1281 23.2102 23.7664
12 เม.ย. 2562 23.1156 23.1985 23.7565
17 เม.ย. 2562 23.1429 23.2222 23.7649
18 เม.ย. 2562 23.1539 23.2330 23.7751
19 เม.ย. 2562 23.1246 23.2041 23.7416
22 เม.ย. 2562 23.1486 23.2295 23.7739
23 เม.ย. 2562 23.1740 23.2539 23.7997
24 เม.ย. 2562 23.2213 23.2982 23.8325
25 เม.ย. 2562 23.1749 23.2566 23.8006
26 เม.ย. 2562 23.1647 23.2424 23.7870
29 เม.ย. 2562 23.0912 23.1683 23.7020
30 เม.ย. 2562 23.0999 23.1789 23.7180
02 พ.ค. 2562 23.1446 23.2242 23.7662
03 พ.ค. 2562 23.1535 23.2338 23.7739
07 พ.ค. 2562 23.0586 23.1400 23.6954
08 พ.ค. 2562 23.0444 23.1215 23.6535
09 พ.ค. 2562 22.9896 23.0679 23.6058
10 พ.ค. 2562 22.8862 22.9637 23.5078
13 พ.ค. 2562 22.8372 22.9137 23.4430
14 พ.ค. 2562 22.7130 22.7917 23.3375
15 พ.ค. 2562 22.7062 22.7835 23.3210
16 พ.ค. 2562 22.6993 22.7805 23.3318
17 พ.ค. 2562 22.7360 22.8152 23.3615
21 พ.ค. 2562 22.8034 22.8833 23.4326
22 พ.ค. 2562 22.8580 22.9375 23.4625
23 พ.ค. 2562 22.8084 22.8902 23.4406
24 พ.ค. 2562 22.7827 22.8585 23.3863
27 พ.ค. 2562 22.7835 22.8642 23.4164
28 พ.ค. 2562 22.7685 22.8471 23.3796
29 พ.ค. 2562 22.7299 22.8086 23.3455
30 พ.ค. 2562 22.7104 22.7885 23.3182
31 พ.ค. 2562 22.6894 22.7672 23.3053
04 มิ.ย. 2562 22.5751 22.6551 23.1953
05 มิ.ย. 2562 22.6605 22.7370 23.2671
06 มิ.ย. 2562 22.6270 22.7091 23.2539
07 มิ.ย. 2562 22.6126 22.6909 23.2282
10 มิ.ย. 2562 22.6092 22.6893 23.2295
11 มิ.ย. 2562 22.5966 22.6766 23.2240
12 มิ.ย. 2562 22.5700 22.6485 23.1945
13 มิ.ย. 2562 22.5180 22.5986 23.1486
14 มิ.ย. 2562 22.4789 22.5566 23.0981
17 มิ.ย. 2562 22.4463 22.5276 23.0798
18 มิ.ย. 2562 22.5296 22.6077 23.1471
19 มิ.ย. 2562 22.5083 22.5884 23.1291
20 มิ.ย. 2562 22.4853 22.5623 23.1145
21 มิ.ย. 2562 22.4053 22.4831 23.0214
24 มิ.ย. 2562 22.3972 22.4752 23.0085
25 มิ.ย. 2562 22.3321 22.4110 22.9570
26 มิ.ย. 2562 22.3968 22.4753 23.0201
27 มิ.ย. 2562 22.3604 22.4392 22.9770
28 มิ.ย. 2562 22.3819 22.4587 22.9934
01 ก.ค. 2562 22.2733 22.3505 22.8872
02 ก.ค. 2562 22.3005 22.3777 22.9239
03 ก.ค. 2562 22.2077 22.2851 22.8260
04 ก.ค. 2562 22.2370 22.3150 22.8553
05 ก.ค. 2562 22.2868 22.3649 22.8953
08 ก.ค. 2562 22.2735 22.3528 22.8930
09 ก.ค. 2562 22.3057 22.3862 22.9299
10 ก.ค. 2562 22.3012 22.3803 22.9117
11 ก.ค. 2562 22.2424 22.3170 22.8447
12 ก.ค. 2562 22.3294 22.4056 22.9340
15 ก.ค. 2562 22.4172 22.4946 23.0397
17 ก.ค. 2562 22.3895 22.4674 23.0059
18 ก.ค. 2562 22.3397 22.4222 22.9657
19 ก.ค. 2562 22.3287 22.4070 22.9397
22 ก.ค. 2562 22.3115 22.3915 22.9337
23 ก.ค. 2562 22.3274 22.4046 22.9317
24 ก.ค. 2562 22.2964 22.3753 22.9123
25 ก.ค. 2562 22.3063 22.3850 22.9173
26 ก.ค. 2562 22.3060 22.3863 22.9112
30 ก.ค. 2562 22.1680 22.2447 22.7759
31 ก.ค. 2562 22.1269 22.2052 22.7395
01 ส.ค. 2562 22.0876 22.1662 22.7003
02 ส.ค. 2562 22.1054 22.1828 22.7208
05 ส.ค. 2562 21.9768 22.0547 22.6008
06 ส.ค. 2562 21.9178 21.9978 22.5479
07 ส.ค. 2562 21.9221 21.9942 22.5105
08 ส.ค. 2562 21.9122 21.9917 22.5353
09 ส.ค. 2562 21.9010 21.9764 22.4932
13 ส.ค. 2562 21.8559 21.9346 22.4780
14 ส.ค. 2562 21.9145 21.9919 22.5182
15 ส.ค. 2562 21.8647 21.9432 22.4873
16 ส.ค. 2562 21.9061 21.9834 22.5161
19 ส.ค. 2562 21.9297 22.0095 22.5504
20 ส.ค. 2562 21.8903 21.9702 22.5149
21 ส.ค. 2562 21.9071 21.9826 22.5052
22 ส.ค. 2562 21.8925 21.9726 22.5093
23 ส.ค. 2562 21.8666 21.9416 22.4639
26 ส.ค. 2562 21.7134 21.7882 22.3299
27 ส.ค. 2562 21.6881 21.7637 22.2879
28 ส.ค. 2562 21.7340 21.8085 22.3257
29 ส.ค. 2562 21.7176 21.7958 22.3224
30 ส.ค. 2562 21.7357 21.8111 22.3272
02 ก.ย. 2562 21.7071 21.7846 22.3089
03 ก.ย. 2562 21.6694 21.7451 22.2671
04 ก.ย. 2562 21.6870 21.7633 22.2882
05 ก.ย. 2562 21.7492 21.8241 22.3461
06 ก.ย. 2562 21.8108 21.8884 22.4140
09 ก.ย. 2562 21.8561 21.9330 22.4598
10 ก.ย. 2562 21.8661 21.9437 22.4711
11 ก.ย. 2562 21.8564 21.9330 22.4580
12 ก.ย. 2562 21.8255 21.8987 22.4110
13 ก.ย. 2562 21.8016 21.8790 22.4095
16 ก.ย. 2562 21.8489 21.9289 22.4703
17 ก.ย. 2562 21.8598 21.9384 22.4813
18 ก.ย. 2562 21.8681 21.9434 22.4718
19 ก.ย. 2562 21.8417 21.9208 22.4629
20 ก.ย. 2562 21.8128 21.8882 22.4070
23 ก.ย. 2562 21.8062 21.8823 22.4100
24 ก.ย. 2562 21.7972 21.8737 22.4122
25 ก.ย. 2562 21.8765 21.9500 22.4791
26 ก.ย. 2562 21.8540 21.9322 22.4623
27 ก.ย. 2562 21.8206 21.8996 22.4405
30 ก.ย. 2562 21.7945 21.8745 22.4173
01 ต.ค. 2562 21.7801 21.8575 22.3926
02 ต.ค. 2562 21.7804 21.8571 22.3852
03 ต.ค. 2562 21.7794 21.8586 22.3974
04 ต.ค. 2562 21.7710 21.8468 22.3796
07 ต.ค. 2562 21.7132 21.7913 22.3253
08 ต.ค. 2562 21.7234 21.8029 22.3454
09 ต.ค. 2562 21.6286 21.7050 22.2347
10 ต.ค. 2562 21.6332 21.7087 22.2460
11 ต.ค. 2562 21.7934 21.8717 22.4005
15 ต.ค. 2562 21.8610 21.9386 22.4740
16 ต.ค. 2562 21.8232 21.9009 22.4366
17 ต.ค. 2562 21.8285 21.9066 22.4390
18 ต.ค. 2562 21.8521 21.9317 22.4764
21 ต.ค. 2562 21.8666 21.9459 22.4809
22 ต.ค. 2562 21.9005 21.9795 22.5215
24 ต.ค. 2562 21.8888 21.9685 22.5056
25 ต.ค. 2562 21.8314 21.9094 22.4415
28 ต.ค. 2562 21.8142 21.8944 22.4384
29 ต.ค. 2562 21.8340 21.9136 22.4530
30 ต.ค. 2562 21.8330 21.9128 22.4581
31 ต.ค. 2562 21.8390 21.9173 22.4513
01 พ.ย. 2562 21.8459 21.9245 22.4561
04 พ.ย. 2562 21.8851 21.9643 22.5020
05 พ.ย. 2562 21.8801 21.9606 22.5031
06 พ.ย. 2562 21.9241 22.0050 22.5504
07 พ.ย. 2562 21.9455 22.0218 22.5669
08 พ.ย. 2562 22.0380 22.1177 22.6579
11 พ.ย. 2562 21.9638 22.0428 22.5876
12 พ.ย. 2562 21.9459 22.0251 22.5735
13 พ.ย. 2562 21.9082 21.9862 22.5243
14 พ.ย. 2562 21.8276 21.9076 22.4507
15 พ.ย. 2562 21.8490 21.9273 22.4575
18 พ.ย. 2562 21.8828 21.9612 22.5032
19 พ.ย. 2562 21.8422 21.9213 22.4574
20 พ.ย. 2562 21.8238 21.9030 22.4453
21 พ.ย. 2562 21.8106 21.8908 22.4328
22 พ.ย. 2562 21.8317 21.9102 22.4483
25 พ.ย. 2562 21.8024 21.8817 22.4206
26 พ.ย. 2562 21.8013 21.8819 22.4249
27 พ.ย. 2562 21.7966 21.8756 22.4148
28 พ.ย. 2562 21.7930 21.8730 22.4144
29 พ.ย. 2562 21.7790 21.8595 22.4033