03 ธ.ค. 2555 39.5400 39.6522 40.2433
04 ธ.ค. 2555 39.5888 39.7073 40.2938
06 ธ.ค. 2555 39.6239 39.7443 40.3544
07 ธ.ค. 2555 39.3417 39.4578 40.0462
11 ธ.ค. 2555 39.2237 39.3452 39.9188
12 ธ.ค. 2555 39.4047 39.5224 40.1245
13 ธ.ค. 2555 39.6188 39.7399 40.3272
14 ธ.ค. 2555 39.6697 39.7857 40.3820
17 ธ.ค. 2555 39.8291 39.9482 40.5488
18 ธ.ค. 2555 39.8404 39.9592 40.5560
19 ธ.ค. 2555 40.0707 40.1910 40.7853
20 ธ.ค. 2555 40.0568 40.1746 40.7701
21 ธ.ค. 2555 40.0379 40.1588 40.7514
24 ธ.ค. 2555 39.9456 40.0645 40.6445
25 ธ.ค. 2555 39.9410 40.0610 40.6671
26 ธ.ค. 2555 39.9638 40.0822 40.6890
27 ธ.ค. 2555 40.1325 40.2520 40.8617
28 ธ.ค. 2555 40.1344 40.2522 40.8603
02 ม.ค. 2556 40.0068 40.1225 40.7124
03 ม.ค. 2556 39.5522 39.6717 40.2589
04 ม.ค. 2556 39.2325 39.3467 39.9348
07 ม.ค. 2556 39.3158 39.4346 40.0332
08 ม.ค. 2556 39.4928 39.6119 40.2064
09 ม.ค. 2556 39.3681 39.4872 40.0615
10 ม.ค. 2556 39.2526 39.3674 39.9530
11 ม.ค. 2556 39.7087 39.8257 40.4120
14 ม.ค. 2556 40.0726 40.1946 40.7891
15 ม.ค. 2556 39.8447 39.9619 40.5455
16 ม.ค. 2556 39.3763 39.4894 40.0625
17 ม.ค. 2556 39.2171 39.3317 39.9057
18 ม.ค. 2556 39.4063 39.5209 40.1127
21 ม.ค. 2556 39.1591 39.2753 39.8503
22 ม.ค. 2556 39.2497 39.3660 39.9479
23 ม.ค. 2556 39.2256 39.3429 39.9273
24 ม.ค. 2556 39.2789 39.3967 39.9891
25 ม.ค. 2556 39.5103 39.6268 40.2037
28 ม.ค. 2556 39.8744 39.9908 40.5792
29 ม.ค. 2556 39.7329 39.8505 40.4541
30 ม.ค. 2556 39.7469 39.8628 40.4561
31 ม.ค. 2556 39.9655 40.0853 40.6736
01 ก.พ. 2556 40.2368 40.3553 40.9424
04 ก.พ. 2556 40.1430 40.2610 40.8460
05 ก.พ. 2556 39.7198 39.8390 40.4294
06 ก.พ. 2556 39.9886 40.1102 40.7077
07 ก.พ. 2556 39.8258 39.9490 40.5507
08 ก.พ. 2556 39.4999 39.6175 40.2063
11 ก.พ. 2556 39.4211 39.5409 40.1325
12 ก.พ. 2556 39.6241 39.7430 40.3427
13 ก.พ. 2556 39.6567 39.7775 40.3801
14 ก.พ. 2556 39.6207 39.7379 40.3354
15 ก.พ. 2556 39.4333 39.5536 40.1380
18 ก.พ. 2556 39.4468 39.5675 40.1629
19 ก.พ. 2556 39.4535 39.5730 40.1765
20 ก.พ. 2556 39.6282 39.7463 40.3379
21 ก.พ. 2556 39.2401 39.3583 39.9345
22 ก.พ. 2556 38.9530 39.0715 39.6586
26 ก.พ. 2556 38.5995 38.7181 39.3009
27 ก.พ. 2556 38.5101 38.6266 39.2166
28 ก.พ. 2556 38.7612 38.8812 39.4688
01 มี.ค. 2556 38.4675 38.5862 39.1731
04 มี.ค. 2556 38.3785 38.4926 39.0790
05 มี.ค. 2556 38.4115 38.5296 39.1285
06 มี.ค. 2556 38.4264 38.5451 39.1413
07 มี.ค. 2556 38.2598 38.3722 38.9420
08 มี.ค. 2556 38.5304 38.6481 39.2364
11 มี.ค. 2556 38.2722 38.3890 38.9734
12 มี.ค. 2556 38.1884 38.3043 38.8829
13 มี.ค. 2556 38.1724 38.2890 38.8789
14 มี.ค. 2556 38.0013 38.1193 38.7116
15 มี.ค. 2556 38.0804 38.1978 38.7945
18 มี.ค. 2556 37.7444 37.8616 38.4608
19 มี.ค. 2556 37.6363 37.7537 38.3381
20 มี.ค. 2556 37.1903 37.3043 37.8737
21 มี.ค. 2556 37.3495 37.4618 38.0323
22 มี.ค. 2556 37.3272 37.4447 38.0138
25 มี.ค. 2556 37.6772 37.7939 38.3834
26 มี.ค. 2556 37.3379 37.4524 38.0324
27 มี.ค. 2556 37.2826 37.3998 37.9789
28 มี.ค. 2556 36.9680 37.0838 37.6608
29 มี.ค. 2556 37.1694 37.2838 37.8586
01 เม.ย. 2556 37.0415 37.1540 37.7333
02 เม.ย. 2556 37.3230 37.4338 38.0049
03 เม.ย. 2556 37.2571 37.3719 37.9400
04 เม.ย. 2556 37.3040 37.4171 37.9883
05 เม.ย. 2556 37.4374 37.5557 38.1407
09 เม.ย. 2556 37.5120 37.6295 38.1998
10 เม.ย. 2556 37.4754 37.5916 38.1560
11 เม.ย. 2556 37.4866 37.6111 38.1774
12 เม.ย. 2556 37.6751 37.7929 38.3664
17 เม.ย. 2556 37.7156 37.8323 38.4145
18 เม.ย. 2556 37.1628 37.2803 37.8559
19 เม.ย. 2556 37.0661 37.1797 37.7575
22 เม.ย. 2556 37.0090 37.1237 37.6895
23 เม.ย. 2556 37.1440 37.2597 37.8261
24 เม.ย. 2556 37.0764 37.1893 37.7621
25 เม.ย. 2556 37.4031 37.5162 38.0882
26 เม.ย. 2556 37.7482 37.8628 38.4357
29 เม.ย. 2556 37.7493 37.8643 38.4326
30 เม.ย. 2556 37.9740 38.0894 38.6646
02 พ.ค. 2556 38.3140 38.4297 39.0046
03 พ.ค. 2556 38.2979 38.4150 38.9891
07 พ.ค. 2556 38.3376 38.4527 39.0190
08 พ.ค. 2556 38.2975 38.4156 38.9890
09 พ.ค. 2556 38.3177 38.4334 39.0102
10 พ.ค. 2556 38.2499 38.3656 38.9407
13 พ.ค. 2556 38.2043 38.3217 38.8929
14 พ.ค. 2556 38.1153 38.2351 38.8170
15 พ.ค. 2556 38.0273 38.1443 38.7119
16 พ.ค. 2556 37.7957 37.9111 38.4816
17 พ.ค. 2556 37.9245 38.0417 38.6157
20 พ.ค. 2556 37.9326 38.0474 38.6194
21 พ.ค. 2556 37.9102 38.0264 38.5979
22 พ.ค. 2556 38.0831 38.1968 38.7770
23 พ.ค. 2556 38.0839 38.1968 38.7670
27 พ.ค. 2556 38.2475 38.3672 38.9508
28 พ.ค. 2556 38.2073 38.3208 38.8981
29 พ.ค. 2556 38.3466 38.4619 39.0272
30 พ.ค. 2556 38.7110 38.8286 39.4085
31 พ.ค. 2556 38.8976 39.0138 39.5997
03 มิ.ย. 2556 39.1487 39.2628 39.8398
04 มิ.ย. 2556 39.3113 39.4262 40.0073
05 มิ.ย. 2556 39.4937 39.6099 40.1846
06 มิ.ย. 2556 39.6018 39.7206 40.3046
07 มิ.ย. 2556 40.1473 40.2656 40.8420
10 มิ.ย. 2556 40.1126 40.2316 40.8190
11 มิ.ย. 2556 40.5319 40.6511 41.2351
12 มิ.ย. 2556 40.9108 41.0340 41.6231
13 มิ.ย. 2556 40.9871 41.1100 41.7083
14 มิ.ย. 2556 40.4046 40.5234 41.1057
17 มิ.ย. 2556 40.4063 40.5241 41.1059
18 มิ.ย. 2556 40.6346 40.7547 41.3502
19 มิ.ย. 2556 40.9501 41.0726 41.6748
20 มิ.ย. 2556 40.6809 40.7990 41.3821
21 มิ.ย. 2556 40.8267 40.9464 41.5433
24 มิ.ย. 2556 40.3549 40.4716 41.0594
25 มิ.ย. 2556 40.2434 40.3629 40.9454
26 มิ.ย. 2556 40.1984 40.3112 40.8936
27 มิ.ย. 2556 40.0969 40.2142 40.8022
28 มิ.ย. 2556 40.2075 40.3271 40.9066
02 ก.ค. 2556 39.9832 40.1046 40.6875
03 ก.ค. 2556 39.8416 39.9582 40.5339
04 ก.ค. 2556 39.9786 40.0955 40.6768
05 ก.ค. 2556 39.7460 39.8626 40.4347
08 ก.ค. 2556 39.8687 39.9860 40.5547
09 ก.ค. 2556 39.9588 40.0734 40.6550
10 ก.ค. 2556 39.5349 39.6487 40.2196
11 ก.ค. 2556 40.2459 40.3692 40.9683
12 ก.ค. 2556 40.2762 40.3940 40.9713
15 ก.ค. 2556 40.2868 40.4080 40.9996
16 ก.ค. 2556 40.2181 40.3359 40.9205
17 ก.ค. 2556 40.3874 40.5062 41.0934
18 ก.ค. 2556 40.2306 40.3493 40.9232
19 ก.ค. 2556 40.3979 40.5156 41.1091
23 ก.ค. 2556 40.3715 40.4889 41.0801
24 ก.ค. 2556 40.4234 40.5432 41.1280
25 ก.ค. 2556 40.6012 40.7185 41.3169
26 ก.ค. 2556 40.8651 40.9862 41.5648
29 ก.ค. 2556 40.9801 41.0984 41.6863
30 ก.ค. 2556 40.9962 41.1156 41.7130
31 ก.ค. 2556 41.1513 41.2705 41.8699
01 ส.ค. 2556 41.1165 41.2352 41.8251
02 ส.ค. 2556 41.0188 41.1400 41.7317
05 ส.ค. 2556 41.1386 41.2582 41.8559
06 ส.ค. 2556 41.1878 41.3092 41.9202
07 ส.ค. 2556 41.3863 41.5049 42.0958
08 ส.ค. 2556 41.3548 41.4743 42.0741
09 ส.ค. 2556 41.3460 41.4657 42.0569
13 ส.ค. 2556 41.1559 41.2733 41.8698
14 ส.ค. 2556 41.0888 41.2079 41.8072
15 ส.ค. 2556 41.0533 41.1719 41.7726
16 ส.ค. 2556 41.3129 41.4344 42.0354
19 ส.ค. 2556 41.3305 41.4499 42.0521
20 ส.ค. 2556 41.7374 41.8576 42.4556
21 ส.ค. 2556 42.1795 42.2959 42.8938
22 ส.ค. 2556 42.3777 42.4941 43.0971
23 ส.ค. 2556 42.2352 42.3555 42.9583
26 ส.ค. 2556 42.2852 42.4042 43.0055
27 ส.ค. 2556 42.5029 42.6225 43.2327
28 ส.ค. 2556 42.6616 42.7944 43.4013
29 ส.ค. 2556 42.4396 42.5604 43.1405
30 ส.ค. 2556 42.0553 42.1755 42.7779
02 ก.ย. 2556 41.9970 42.1167 42.7179
03 ก.ย. 2556 41.7867 41.9063 42.4955
04 ก.ย. 2556 41.9868 42.1047 42.6997
05 ก.ย. 2556 42.0092 42.1280 42.7231
06 ก.ย. 2556 42.0823 42.2032 42.7955
09 ก.ย. 2556 42.1273 42.2458 42.8418
10 ก.ย. 2556 42.1239 42.2449 42.8351
11 ก.ย. 2556 42.2057 42.3219 42.9161
12 ก.ย. 2556 41.8472 41.9680 42.5452
13 ก.ย. 2556 41.8231 41.9417 42.5257
16 ก.ย. 2556 41.9027 42.0246 42.6276
17 ก.ย. 2556 41.9794 42.1015 42.7052
18 ก.ย. 2556 41.8974 42.0185 42.6099
19 ก.ย. 2556 41.5498 41.6691 42.2707
20 ก.ย. 2556 41.5737 41.6953 42.2847
23 ก.ย. 2556 41.6418 41.7597 42.3442
24 ก.ย. 2556 41.8136 41.9339 42.5354
25 ก.ย. 2556 41.8810 42.0023 42.6087
26 ก.ย. 2556 41.8210 41.9424 42.5366
27 ก.ย. 2556 41.6886 41.8069 42.4021
30 ก.ย. 2556 41.9353 42.0558 42.6651
01 ต.ค. 2556 41.8101 41.9288 42.5217
02 ต.ค. 2556 41.8523 41.9721 42.5667
03 ต.ค. 2556 41.9678 42.0857 42.6772
04 ต.ค. 2556 42.2219 42.3386 42.9371
07 ต.ค. 2556 42.0698 42.1906 42.8009
08 ต.ค. 2556 42.1413 42.2630 42.8617
09 ต.ค. 2556 42.1743 42.2944 42.9024
10 ต.ค. 2556 42.0692 42.1892 42.7796
11 ต.ค. 2556 41.9606 42.0856 42.6830
14 ต.ค. 2556 42.0586 42.1799 42.7832
15 ต.ค. 2556 41.9875 42.1030 42.6880
16 ต.ค. 2556 41.8236 41.9431 42.5512
17 ต.ค. 2556 41.7808 41.8998 42.4961
18 ต.ค. 2556 41.9630 42.0875 42.6936
21 ต.ค. 2556 42.0932 42.2159 42.8237
22 ต.ค. 2556 42.1371 42.2587 42.8735
24 ต.ค. 2556 42.5078 42.6316 43.2496
25 ต.ค. 2556 42.5288 42.6520 43.2610
28 ต.ค. 2556 42.4756 42.5948 43.2050
29 ต.ค. 2556 42.4105 42.5319 43.1323
30 ต.ค. 2556 42.2664 42.3855 42.9949
31 ต.ค. 2556 42.2450 42.3680 42.9712
01 พ.ย. 2556 41.8205 41.9432 42.5549
04 พ.ย. 2556 41.7518 41.8708 42.4710
05 พ.ย. 2556 41.8538 41.9744 42.5808
06 พ.ย. 2556 41.7541 41.8770 42.4786
07 พ.ย. 2556 41.8336 41.9551 42.5598
08 พ.ย. 2556 41.6323 41.7523 42.3406
11 พ.ย. 2556 41.8364 41.9561 42.5405
12 พ.ย. 2556 41.9171 42.0352 42.6284
13 พ.ย. 2556 42.0065 42.1263 42.7311
14 พ.ย. 2556 41.9839 42.1038 42.6995
15 พ.ย. 2556 42.0443 42.1667 42.7651
18 พ.ย. 2556 42.1587 42.2757 42.8700
19 พ.ย. 2556 42.2503 42.3716 42.9799
20 พ.ย. 2556 42.4722 42.5913 43.1910
21 พ.ย. 2556 42.2541 42.3718 42.9748
22 พ.ย. 2556 42.4141 42.5361 43.1348
25 พ.ย. 2556 42.8080 42.9284 43.5296
26 พ.ย. 2556 42.9347 43.0570 43.6640
27 พ.ย. 2556 43.0861 43.2063 43.8129
28 พ.ย. 2556 43.2292 43.3511 43.9645
29 พ.ย. 2556 43.2578 43.3765 43.9885
02 ธ.ค. 2556 43.3668 43.4892 44.0915
03 ธ.ค. 2556 43.1418 43.2629 43.8654
04 ธ.ค. 2556 43.2647 43.3905 43.9875
06 ธ.ค. 2556 43.6911 43.8151 44.4245
09 ธ.ค. 2556 43.6342 43.7582 44.3595
11 ธ.ค. 2556 43.5965 43.7229 44.3068
12 ธ.ค. 2556 43.8407 43.9633 44.5660
13 ธ.ค. 2556 43.7080 43.8323 44.4323
16 ธ.ค. 2556 43.5984 43.7259 44.3291
17 ธ.ค. 2556 43.6561 43.7795 44.3783
18 ธ.ค. 2556 43.9125 44.0376 44.6392
19 ธ.ค. 2556 43.8106 43.9333 44.5353
20 ธ.ค. 2556 43.9246 44.0490 44.6497
23 ธ.ค. 2556 44.3109 44.4434 45.0410
24 ธ.ค. 2556 44.3980 44.5207 45.1221
25 ธ.ค. 2556 44.2935 44.4165 45.0334
26 ธ.ค. 2556 44.4168 44.5416 45.1425
27 ธ.ค. 2556 44.5980 44.7210 45.3223
02 ม.ค. 2557 44.8418 44.9643 45.5829
03 ม.ค. 2557 44.6535 44.7722 45.3741
06 ม.ค. 2557 44.5277 44.6545 45.2529
07 ม.ค. 2557 44.6563 44.7784 45.3899
08 ม.ค. 2557 44.6004 44.7226 45.3265
09 ม.ค. 2557 44.4123 44.5370 45.1267
10 ม.ค. 2557 44.5024 44.6232 45.2279
13 ม.ค. 2557 44.7115 44.8332 45.4427
14 ม.ค. 2557 44.5190 44.6433 45.2456
15 ม.ค. 2557 44.3596 44.4822 45.0847
16 ม.ค. 2557 44.3663 44.4887 45.0984
17 ม.ค. 2557 44.1494 44.2715 44.8708
20 ม.ค. 2557 44.0562 44.1757 44.7900
21 ม.ค. 2557 44.0323 44.1487 44.7728
22 ม.ค. 2557 44.1464 44.2688 44.8865
23 ม.ค. 2557 44.2109 44.3308 44.9436
24 ม.ค. 2557 44.5154 44.6359 45.2626
27 ม.ค. 2557 44.5822 44.7047 45.3190
28 ม.ค. 2557 44.5382 44.6590 45.2753
29 ม.ค. 2557 44.4919 44.6156 45.2320
30 ม.ค. 2557 44.5952 44.7137 45.3200
31 ม.ค. 2557 44.2902 44.4104 45.0266
03 ก.พ. 2557 43.9625 44.0854 44.6861
04 ก.พ. 2557 44.0120 44.1322 44.7265
05 ก.พ. 2557 43.8706 43.9917 44.6056
06 ก.พ. 2557 43.9140 44.0336 44.6387
07 ก.พ. 2557 44.1594 44.2789 44.8891
10 ก.พ. 2557 44.2275 44.3506 44.9587
11 ก.พ. 2557 44.3859 44.5081 45.1298
12 ก.พ. 2557 44.1244 44.2475 44.8584
13 ก.พ. 2557 43.8639 43.9913 44.5990
17 ก.พ. 2557 43.9026 44.0233 44.6214
18 ก.พ. 2557 43.9707 44.0920 44.6927
19 ก.พ. 2557 44.4115 44.5355 45.1327
20 ก.พ. 2557 44.3843 44.5086 45.1237
21 ก.พ. 2557 44.2112 44.3292 44.9376
24 ก.พ. 2557 44.3393 44.4621 45.0744
25 ก.พ. 2557 44.2189 44.3405 44.9494
26 ก.พ. 2557 44.3201 44.4439 45.0451
27 ก.พ. 2557 44.1802 44.3024 44.9252
28 ก.พ. 2557 44.2645 44.3852 44.9837
03 มี.ค. 2557 44.4531 44.5765 45.1831
04 มี.ค. 2557 44.2676 44.3905 44.9955
05 มี.ค. 2557 44.0483 44.1706 44.7934
06 มี.ค. 2557 43.9101 44.0291 44.6219
07 มี.ค. 2557 44.2696 44.3946 45.0070
10 มี.ค. 2557 44.5505 44.6738 45.2860
11 มี.ค. 2557 44.4200 44.5439 45.1455
12 มี.ค. 2557 44.4356 44.5585 45.1619
13 มี.ค. 2557 44.6068 44.7277 45.3319
14 มี.ค. 2557 44.3982 44.5164 45.1333
17 มี.ค. 2557 44.4200 44.5432 45.1549
18 มี.ค. 2557 44.3692 44.4930 45.1017
19 มี.ค. 2557 44.2963 44.4203 45.0350
20 มี.ค. 2557 44.2908 44.4132 45.0187
21 มี.ค. 2557 44.2326 44.3520 44.9626
24 มี.ค. 2557 44.3057 44.4295 45.0364
25 มี.ค. 2557 44.5063 44.6305 45.2343
26 มี.ค. 2557 44.5961 44.7184 45.3377
27 มี.ค. 2557 44.4478 44.5700 45.1969
28 มี.ค. 2557 44.2744 44.3940 44.9986
31 มี.ค. 2557 44.1809 44.3019 44.9130
01 เม.ย. 2557 44.2020 44.3246 44.9282
02 เม.ย. 2557 44.2426 44.3660 44.9754
03 เม.ย. 2557 44.2612 44.3800 44.9890
04 เม.ย. 2557 44.1874 44.3087 44.9170
08 เม.ย. 2557 44.1318 44.2539 44.8544
09 เม.ย. 2557 43.9864 44.1084 44.7175
10 เม.ย. 2557 44.1664 44.2874 44.8878
11 เม.ย. 2557 44.4411 44.5666 45.1868
16 เม.ย. 2557 44.1980 44.3185 44.9253
17 เม.ย. 2557 44.1344 44.2574 44.8726
18 เม.ย. 2557 44.0325 44.1500 44.7722
21 เม.ย. 2557 44.0317 44.1534 44.7668
22 เม.ย. 2557 44.1119 44.2316 44.8459
23 เม.ย. 2557 44.2756 44.3954 44.9950
24 เม.ย. 2557 44.2505 44.3722 44.9926
25 เม.ย. 2557 44.3334 44.4543 45.0632
28 เม.ย. 2557 44.1635 44.2841 44.8985
29 เม.ย. 2557 44.3064 44.4268 45.0470
30 เม.ย. 2557 44.1694 44.2922 44.9018
02 พ.ค. 2557 44.4523 44.5772 45.2076
06 พ.ค. 2557 44.5053 44.6253 45.2347
07 พ.ค. 2557 44.6562 44.7793 45.3956
08 พ.ค. 2557 44.6964 44.8175 45.4267
09 พ.ค. 2557 44.5972 44.7207 45.3261
12 พ.ค. 2557 44.4670 44.5906 45.1994
14 พ.ค. 2557 44.1465 44.2682 44.8637
15 พ.ค. 2557 44.0413 44.1624 44.7617
16 พ.ค. 2557 44.1042 44.2292 44.8304
19 พ.ค. 2557 44.0962 44.2164 44.8224
20 พ.ค. 2557 44.1669 44.2881 44.8957
21 พ.ค. 2557 44.1419 44.2629 44.8777
22 พ.ค. 2557 43.9122 44.0366 44.6370
23 พ.ค. 2557 43.9378 44.0616 44.6578
26 พ.ค. 2557 43.9543 44.0752 44.6903
27 พ.ค. 2557 44.0595 44.1836 44.7928
28 พ.ค. 2557 44.0784 44.1983 44.7978
29 พ.ค. 2557 44.0575 44.1795 44.7853
30 พ.ค. 2557 44.1859 44.3068 44.9156
02 มิ.ย. 2557 44.3367 44.4563 45.0674
03 มิ.ย. 2557 44.1094 44.2297 44.8313
04 มิ.ย. 2557 44.0485 44.1617 44.7720
05 มิ.ย. 2557 44.0193 44.1347 44.7452
06 มิ.ย. 2557 44.0793 44.1963 44.8097
09 มิ.ย. 2557 43.8423 43.9547 44.5742
10 มิ.ย. 2557 43.6789 43.7896 44.4085
11 มิ.ย. 2557 43.5014 43.6136 44.2255
12 มิ.ย. 2557 43.5419 43.6516 44.2691
13 มิ.ย. 2557 43.5087 43.6205 44.2488
16 มิ.ย. 2557 43.4107 43.5287 44.1352
17 มิ.ย. 2557 43.5478 43.6549 44.2621
18 มิ.ย. 2557 43.5831 43.6936 44.3174
19 มิ.ย. 2557 43.6260 43.7342 44.3504
20 มิ.ย. 2557 43.7625 43.8752 44.5105
23 มิ.ย. 2557 43.6802 43.7915 44.3929
24 มิ.ย. 2557 43.6807 43.7897 44.4116
25 มิ.ย. 2557 43.7268 43.8404 44.4643
26 มิ.ย. 2557 43.8037 43.9176 44.5393
27 มิ.ย. 2557 43.8026 43.9108 44.5366
30 มิ.ย. 2557 43.8468 43.9657 44.5838
02 ก.ค. 2557 43.8697 43.9865 44.5965
03 ก.ค. 2557 43.7783 43.8935 44.5032
04 ก.ค. 2557 43.6596 43.7735 44.3841
07 ก.ค. 2557 43.5603 43.6779 44.2906
08 ก.ค. 2557 43.6313 43.7371 44.3545
09 ก.ค. 2557 43.5990 43.7076 44.3185
10 ก.ค. 2557 43.4447 43.5578 44.1640
14 ก.ค. 2557 43.3106 43.4212 44.0385
15 ก.ค. 2557 43.3677 43.4828 44.1019
16 ก.ค. 2557 43.2097 43.3204 43.9292
17 ก.ค. 2557 43.0585 43.1719 43.7853
18 ก.ค. 2557 43.1177 43.2308 43.8410
21 ก.ค. 2557 42.9661 43.0812 43.6928
22 ก.ค. 2557 42.6528 42.7731 43.3817
23 ก.ค. 2557 42.3768 42.4843 43.0857
24 ก.ค. 2557 42.4072 42.5217 43.1192
25 ก.ค. 2557 42.4730 42.5801 43.2042
28 ก.ค. 2557 42.2961 42.4086 43.0311
29 ก.ค. 2557 42.3102 42.4215 43.0427
30 ก.ค. 2557 42.2908 42.3982 43.0161
31 ก.ค. 2557 42.4082 42.5459 43.1544
01 ส.ค. 2557 42.6820 42.7929 43.3994
04 ส.ค. 2557 42.7083 42.8180 43.4373
05 ส.ค. 2557 42.6903 42.7969 43.4152
06 ส.ค. 2557 42.5972 42.7093 43.3130
07 ส.ค. 2557 42.6974 42.8073 43.4207
08 ส.ค. 2557 42.6552 42.7724 43.3766
13 ส.ค. 2557 42.3565 42.4635 43.0784
14 ส.ค. 2557 42.1984 42.3117 42.9176
15 ส.ค. 2557 42.1803 42.2884 42.8913
18 ส.ค. 2557 42.2074 42.3193 42.9303
19 ส.ค. 2557 42.1363 42.2471 42.8532
20 ส.ค. 2557 42.0541 42.1664 42.7789
21 ส.ค. 2557 42.0504 42.1621 42.7682
22 ส.ค. 2557 41.9689 42.0660 42.6837
25 ส.ค. 2557 41.8443 41.9514 42.5633
26 ส.ค. 2557 41.7249 41.8328 42.4458
27 ส.ค. 2557 41.5840 41.6929 42.3001
28 ส.ค. 2557 41.6814 41.7892 42.3920
29 ส.ค. 2557 41.6942 41.8039 42.4113
01 ก.ย. 2557 41.5301 41.6353 42.2457
02 ก.ย. 2557 41.6137 41.7251 42.3341
03 ก.ย. 2557 41.7486 41.8590 42.4572
04 ก.ย. 2557 41.6488 41.7539 42.3528
05 ก.ย. 2557 41.0955 41.2054 41.8413
08 ก.ย. 2557 41.0190 41.1285 41.7345
09 ก.ย. 2557 40.9650 41.0698 41.6686
10 ก.ย. 2557 41.1416 41.2532 41.8513
11 ก.ย. 2557 41.1276 41.2315 41.8197
12 ก.ย. 2557 41.1998 41.3075 41.9143
15 ก.ย. 2557 41.3909 41.4981 42.1035
16 ก.ย. 2557 41.3433 41.4508 42.0582
17 ก.ย. 2557 41.3060 41.4154 42.0244
18 ก.ย. 2557 41.1437 41.2526 41.8577
19 ก.ย. 2557 41.2181 41.3270 41.9218
22 ก.ย. 2557 40.9614 41.0679 41.6693
23 ก.ย. 2557 41.0465 41.1541 41.7490
24 ก.ย. 2557 41.0235 41.1332 41.7278
25 ก.ย. 2557 40.7815 40.8908 41.4874
26 ก.ย. 2557 40.7628 40.8669 41.4639
29 ก.ย. 2557 40.6075 40.7141 41.3233
30 ก.ย. 2557 40.6624 40.7695 41.3681
01 ต.ค. 2557 40.5066 40.6170 41.2072
02 ต.ค. 2557 40.5204 40.6248 41.2176
03 ต.ค. 2557 40.6501 40.7516 41.3501
06 ต.ค. 2557 40.4494 40.5537 41.1419
07 ต.ค. 2557 40.7155 40.8175 41.4180
08 ต.ค. 2557 40.8469 40.9533 41.5530
09 ต.ค. 2557 40.9456 41.0433 41.6461
10 ต.ค. 2557 40.7874 40.8838 41.4865
13 ต.ค. 2557 40.6678 40.7700 41.3742
14 ต.ค. 2557 40.8347 40.9405 41.5263
15 ต.ค. 2557 40.6844 40.7862 41.3919
16 ต.ค. 2557 41.1490 41.2617 41.8724
17 ต.ค. 2557 41.1098 41.2163 41.8013
20 ต.ค. 2557 40.8538 40.9597 41.5630
21 ต.ค. 2557 40.8645 40.9684 41.5730
22 ต.ค. 2557 40.6797 40.7838 41.3756
24 ต.ค. 2557 40.5967 40.7022 41.2986
27 ต.ค. 2557 40.7231 40.8247 41.4144
28 ต.ค. 2557 40.7859 40.8912 41.4862
29 ต.ค. 2557 40.9321 41.0399 41.6398
30 ต.ค. 2557 40.6885 40.7943 41.3894
31 ต.ค. 2557 40.5265 40.6358 41.2330
03 พ.ย. 2557 40.2690 40.3726 40.9600
04 พ.ย. 2557 40.4455 40.5498 41.1473
05 พ.ย. 2557 40.6230 40.7247 41.3270
06 พ.ย. 2557 40.5629 40.6646 41.2600
07 พ.ย. 2557 40.3011 40.4062 40.9954
10 พ.ย. 2557 40.4124 40.5110 41.1068
11 พ.ย. 2557 40.3818 40.4888 41.0841
12 พ.ย. 2557 40.5155 40.6132 41.2232
13 พ.ย. 2557 40.4251 40.5230 41.1091
14 พ.ย. 2557 40.4881 40.5862 41.2020
17 พ.ย. 2557 40.7093 40.8123 41.4274
18 พ.ย. 2557 40.4594 40.5690 41.1786
19 พ.ย. 2557 40.6633 40.7621 41.3732
20 พ.ย. 2557 40.7692 40.8748 41.4897
21 พ.ย. 2557 40.7370 40.8395 41.4489
24 พ.ย. 2557 40.1927 40.2998 40.9003
25 พ.ย. 2557 40.3749 40.4801 41.0831
26 พ.ย. 2557 40.4785 40.5816 41.1801
27 พ.ย. 2557 40.5526 40.6585 41.2526
28 พ.ย. 2557 40.4485 40.5543 41.1572
01 ธ.ค. 2557 40.5217 40.6247 41.2269
02 ธ.ค. 2557 40.4744 40.5795 41.1764
03 ธ.ค. 2557 40.3349 40.4396 41.0310
04 ธ.ค. 2557 40.0777 40.1788 40.7859
08 ธ.ค. 2557 40.2228 40.3239 40.9133
09 ธ.ค. 2557 40.1995 40.3017 40.9022
11 ธ.ค. 2557 40.4816 40.5807 41.1821
12 ธ.ค. 2557 40.2599 40.3630 40.9559
15 ธ.ค. 2557 40.4319 40.5360 41.1327
16 ธ.ค. 2557 40.6288 40.7379 41.3413
17 ธ.ค. 2557 40.8395 40.9452 41.5511
18 ธ.ค. 2557 40.2470 40.3501 40.9530
19 ธ.ค. 2557 39.9276 40.0317 40.6236
22 ธ.ค. 2557 39.8027 39.9021 40.4975
23 ธ.ค. 2557 39.8498 39.9501 40.5550
24 ธ.ค. 2557 39.6765 39.7836 40.3703
25 ธ.ค. 2557 39.7185 39.8220 40.4160
26 ธ.ค. 2557 39.7731 39.8785 40.4556
29 ธ.ค. 2557 39.7168 39.8234 40.4157
30 ธ.ค. 2557 39.6482 39.7507 40.3552
05 ม.ค. 2558 39.0632 39.1620 39.7803
06 ม.ค. 2558 38.9616 39.0627 39.6604
07 ม.ค. 2558 38.6432 38.7424 39.3400
08 ม.ค. 2558 38.5046 38.6031 39.2045
09 ม.ค. 2558 38.3705 38.4655 39.0699
12 ม.ค. 2558 38.5456 38.6426 39.2477
13 ม.ค. 2558 38.4883 38.5883 39.1922
14 ม.ค. 2558 38.2321 38.3288 38.9188
15 ม.ค. 2558 38.1638 38.2689 38.8486
16 ม.ค. 2558 37.6040 37.7019 38.2965
19 ม.ค. 2558 37.2448 37.3407 37.9353
20 ม.ค. 2558 37.4750 37.5708 38.1572
21 ม.ค. 2558 37.4146 37.5230 38.1094
22 ม.ค. 2558 37.4047 37.5029 38.0770
23 ม.ค. 2558 36.6056 36.6996 37.3274
26 ม.ค. 2558 35.9936 36.0861 36.7013
27 ม.ค. 2558 36.2152 36.3113 36.9108
28 ม.ค. 2558 36.5897 36.6757 37.2811
29 ม.ค. 2558 36.4051 36.5036 37.0800
30 ม.ค. 2558 36.6758 36.7690 37.3634
02 ก.พ. 2558 36.5241 36.6204 37.2225
03 ก.พ. 2558 36.4928 36.5855 37.1702
04 ก.พ. 2558 36.9615 37.0578 37.6459
05 ก.พ. 2558 36.6005 36.6947 37.2888
06 ก.พ. 2558 36.9261 37.0236 37.6130
09 ก.พ. 2558 36.5694 36.6562 37.2513
10 ก.พ. 2558 36.5196 36.6163 37.2372
11 ก.พ. 2558 36.5505 36.6541 37.2422
12 ก.พ. 2558 36.5662 36.6606 37.2444
13 ก.พ. 2558 36.7969 36.8947 37.4817
16 ก.พ. 2558 36.7871 36.8821 37.4724
17 ก.พ. 2558 36.5593 36.6539 37.2634
18 ก.พ. 2558 36.7427 36.8336 37.4373
19 ก.พ. 2558 36.7555 36.8502 37.4320
20 ก.พ. 2558 36.6074 36.7005 37.2939
23 ก.พ. 2558 36.6283 36.7089 37.3167
24 ก.พ. 2558 36.4922 36.6041 37.1998
25 ก.พ. 2558 36.5375 36.6306 37.2167
26 ก.พ. 2558 36.5070 36.6076 37.1846
27 ก.พ. 2558 35.8784 35.9748 36.5663
02 มี.ค. 2558 35.7773 35.8695 36.4519
03 มี.ค. 2558 35.7965 35.8845 36.4880
05 มี.ค. 2558 35.4896 35.5828 36.1643
06 มี.ค. 2558 35.3398 35.4252 36.0286
09 มี.ค. 2558 34.9403 35.0462 35.6216
10 มี.ค. 2558 34.9002 34.9963 35.5727
11 มี.ค. 2558 34.5928 34.6754 35.2658
12 มี.ค. 2558 34.2707 34.3605 34.9435
13 มี.ค. 2558 34.4298 34.5217 35.1001
16 มี.ค. 2558 34.2220 34.3128 34.9224
17 มี.ค. 2558 34.3626 34.4575 35.0520
18 มี.ค. 2558 34.4827 34.5774 35.1865
19 มี.ค. 2558 34.9540 35.0414 35.6959
20 มี.ค. 2558 34.5252 34.6185 35.2424
23 มี.ค. 2558 34.7912 34.8792 35.5051
24 มี.ค. 2558 35.1278 35.2245 35.8347
25 มี.ค. 2558 35.1410 35.2422 35.8307
26 มี.ค. 2558 35.3418 35.4365 36.0581
27 มี.ค. 2558 35.0239 35.1246 35.7490
30 มี.ค. 2558 35.0313 35.1306 35.7415
31 มี.ค. 2558 34.8110 34.9145 35.5211
01 เม.ย. 2558 34.6067 34.7065 35.3121
02 เม.ย. 2558 34.5264 34.6226 35.2424
03 เม.ย. 2558 34.8830 34.9800 35.5848
07 เม.ย. 2558 35.1034 35.2021 35.8159
08 เม.ย. 2558 34.8826 34.9772 35.5926
09 เม.ย. 2558 34.6743 34.7666 35.4032
10 เม.ย. 2558 34.3229 34.4169 35.0416
16 เม.ย. 2558 34.2790 34.3715 34.9798
17 เม.ย. 2558 34.4660 34.5610 35.2030
20 เม.ย. 2558 34.5416 34.6443 35.2464
21 เม.ย. 2558 34.3678 34.4666 35.0700
22 เม.ย. 2558 34.3266 34.4220 35.0299
23 เม.ย. 2558 34.2706 34.3633 34.9818
24 เม.ย. 2558 34.7091 34.8023 35.4346
27 เม.ย. 2558 34.9923 35.0875 35.7074
28 เม.ย. 2558 35.0781 35.1741 35.7944
29 เม.ย. 2558 35.4342 35.5340 36.1651
30 เม.ย. 2558 36.1119 36.2095 36.8572
06 พ.ค. 2558 36.8286 36.9377 37.6072
07 พ.ค. 2558 37.3911 37.4953 38.1754
08 พ.ค. 2558 37.1927 37.2928 37.9717
11 พ.ค. 2558 37.0125 37.1061 37.7911
12 พ.ค. 2558 37.2505 37.3587 38.0125
13 พ.ค. 2558 37.3851 37.4901 38.1382
14 พ.ค. 2558 37.5897 37.6902 38.3637
15 พ.ค. 2558 37.8309 37.9301 38.5698
18 พ.ค. 2558 37.7729 37.8843 38.5482
19 พ.ค. 2558 37.2609 37.3495 38.0178
20 พ.ค. 2558 36.9178 37.0132 37.6554
21 พ.ค. 2558 36.8052 36.8971 37.5635
22 พ.ค. 2558 36.7637 36.8623 37.5044
25 พ.ค. 2558 36.3835 36.4836 37.1349
26 พ.ค. 2558 36.3763 36.4821 37.1188
27 พ.ค. 2558 36.3344 36.4315 37.0739
28 พ.ค. 2558 36.4342 36.5350 37.1908
29 พ.ค. 2558 36.5370 36.6310 37.2816
02 มิ.ย. 2558 36.4844 36.5801 37.2280
03 มิ.ย. 2558 37.1566 37.2531 37.9274
04 มิ.ย. 2558 37.5196 37.6187 38.2866
05 มิ.ย. 2558 37.4433 37.5437 38.1939
08 มิ.ย. 2558 37.2169 37.3138 37.9559
09 มิ.ย. 2558 37.6531 37.7405 38.4225
10 มิ.ย. 2558 37.6548 37.7514 38.4142
11 มิ.ย. 2558 37.5765 37.6820 38.3396
12 มิ.ย. 2558 37.4700 37.5663 38.2228
15 มิ.ย. 2558 37.3483 37.4559 38.1009
16 มิ.ย. 2558 37.5459 37.6489 38.2983
17 มิ.ย. 2558 37.4669 37.5694 38.2114
18 มิ.ย. 2558 37.7679 37.8701 38.5357
19 มิ.ย. 2558 37.8333 37.9289 38.5985
22 มิ.ย. 2558 37.8413 37.9475 38.6128
23 มิ.ย. 2558 37.6710 37.7920 38.4525
24 มิ.ย. 2558 37.3331 37.4349 38.1088
25 มิ.ย. 2558 37.4202 37.5191 38.1930
26 มิ.ย. 2558 37.3564 37.4497 38.1317
29 มิ.ย. 2558 36.9116 37.0164 37.6920
30 มิ.ย. 2558 37.3552 37.4610 38.1199
02 ก.ค. 2558 36.9334 37.0357 37.7132
03 ก.ค. 2558 37.0129 37.1139 37.7742
06 ก.ค. 2558 36.9193 37.0226 37.6911
07 ก.ค. 2558 36.9499 37.0510 37.7236
08 ก.ค. 2558 36.9734 37.0739 37.7381
09 ก.ค. 2558 37.1550 37.2566 37.9429
10 ก.ค. 2558 37.1587 37.2607 37.9421
13 ก.ค. 2558 37.3619 37.4650 38.1546
14 ก.ค. 2558 36.9848 37.0900 37.7678
15 ก.ค. 2558 37.0189 37.1249 37.7998
16 ก.ค. 2558 36.9255 37.0499 37.7231
17 ก.ค. 2558 36.7747 36.8770 37.5636
20 ก.ค. 2558 36.6891 36.7872 37.4610
21 ก.ค. 2558 36.8637 36.9745 37.6450
22 ก.ค. 2558 37.3298 37.4255 38.1178
23 ก.ค. 2558 37.6090 37.7220 38.4076
24 ก.ค. 2558 37.8303 37.9303 38.6118
27 ก.ค. 2558 37.9026 38.0034 38.7015
28 ก.ค. 2558 38.1959 38.2962 38.9883
29 ก.ค. 2558 38.1645 38.2694 38.9610
31 ก.ค. 2558 38.0468 38.1474 38.8371
03 ส.ค. 2558 38.0331 38.1368 38.8205
04 ส.ค. 2558 37.9855 38.0823 38.7825
05 ส.ค. 2558 37.7011 37.8017 38.4921
06 ส.ค. 2558 37.9022 38.0051 38.7059
07 ส.ค. 2558 37.9494 38.0542 38.7387
10 ส.ค. 2558 38.0356 38.1327 38.8441
11 ส.ค. 2558 38.3168 38.4153 39.1109
13 ส.ค. 2558 38.8166 38.9202 39.6221
14 ส.ค. 2558 38.8054 38.9074 39.6162
17 ส.ค. 2558 38.7617 38.8593 39.5644
18 ส.ค. 2558 38.9135 39.0079 39.7184
19 ส.ค. 2558 38.8615 38.9561 39.6577
20 ส.ค. 2558 39.1067 39.2146 39.9121
21 ส.ค. 2558 39.6911 39.7908 40.5156
24 ส.ค. 2558 40.4630 40.5674 41.2920
25 ส.ค. 2558 40.6624 40.7671 41.4791
26 ส.ค. 2558 40.5887 40.6911 41.4128
27 ส.ค. 2558 39.9582 40.0535 40.7842
28 ส.ค. 2558 39.7988 39.8927 40.6151
31 ส.ค. 2558 39.8052 39.9057 40.6272
01 ก.ย. 2558 39.7974 39.8975 40.6058
02 ก.ย. 2558 39.8427 39.9527 40.6426
03 ก.ย. 2558 39.7228 39.8206 40.5339
04 ก.ย. 2558 39.4489 39.5516 40.2548
07 ก.ย. 2558 39.6856 39.7879 40.4779
08 ก.ย. 2558 40.0046 40.1059 40.8085
09 ก.ย. 2558 39.8089 39.9077 40.6064
10 ก.ย. 2558 40.1295 40.2403 40.9368
11 ก.ย. 2558 40.1673 40.2678 40.9821
14 ก.ย. 2558 40.3941 40.4937 41.2174
15 ก.ย. 2558 40.2734 40.3678 41.0864
16 ก.ย. 2558 40.1090 40.2074 40.9308
17 ก.ย. 2558 40.0079 40.1181 40.8396
18 ก.ย. 2558 40.2844 40.3973 41.1255
21 ก.ย. 2558 39.9449 40.0573 40.7651
22 ก.ย. 2558 39.7662 39.8674 40.5770
23 ก.ย. 2558 39.7154 39.8124 40.5182
24 ก.ย. 2558 40.0512 40.1558 40.8658
25 ก.ย. 2558 40.0269 40.1252 40.8334
28 ก.ย. 2558 40.0729 40.1771 40.8933
29 ก.ย. 2558 40.5696 40.6754 41.4118
30 ก.ย. 2558 40.4455 40.5480 41.2624
01 ต.ค. 2558 40.1292 40.2317 40.9337
02 ต.ค. 2558 40.4278 40.5338 41.2474
05 ต.ค. 2558 40.4620 40.5626 41.2811
06 ต.ค. 2558 40.1890 40.2866 41.0122
07 ต.ค. 2558 40.2592 40.3662 41.0855
08 ต.ค. 2558 39.9942 40.0924 40.8035
09 ต.ค. 2558 39.7705 39.8644 40.5978
12 ต.ค. 2558 39.9349 40.0276 40.7541
13 ต.ค. 2558 39.8452 39.9453 40.6583
14 ต.ค. 2558 40.0783 40.1784 40.9231
15 ต.ค. 2558 39.9079 40.0096 40.7280
16 ต.ค. 2558 39.6815 39.7859 40.4912
19 ต.ค. 2558 39.6991 39.8030 40.5098
20 ต.ค. 2558 39.7089 39.8124 40.5249
21 ต.ค. 2558 39.7487 39.8471 40.5514
22 ต.ค. 2558 39.9160 40.0274 40.7297
26 ต.ค. 2558 38.7316 38.8437 39.6222
27 ต.ค. 2558 38.7755 38.8745 39.5936
28 ต.ค. 2558 38.7304 38.8335 39.5255
29 ต.ค. 2558 38.4258 38.5298 39.2495
30 ต.ค. 2558 38.6320 38.7341 39.4362
02 พ.ย. 2558 38.7512 38.8541 39.5647
03 พ.ย. 2558 38.6937 38.7980 39.5057
04 พ.ย. 2558 38.4529 38.5552 39.2492
05 พ.ย. 2558 38.1683 38.2684 38.9832
06 พ.ย. 2558 38.2503 38.3520 39.0531
09 พ.ย. 2558 38.0896 38.1904 38.9014
10 พ.ย. 2558 38.1446 38.2530 38.9484
11 พ.ย. 2558 38.0619 38.1677 38.8666
12 พ.ย. 2558 38.1112 38.2158 38.9043
13 พ.ย. 2558 38.2394 38.3415 39.0434
16 พ.ย. 2558 38.1022 38.1970 38.9035
17 พ.ย. 2558 37.9047 38.0055 38.7245
18 พ.ย. 2558 37.8638 37.9657 38.6600
19 พ.ย. 2558 37.9488 38.0515 38.7585
20 พ.ย. 2558 37.8465 37.9453 38.6411
23 พ.ย. 2558 37.5711 37.6689 38.3674
24 พ.ย. 2558 37.6573 37.7517 38.4662
25 พ.ย. 2558 37.5959 37.6958 38.3933
26 พ.ย. 2558 37.4767 37.5845 38.2828
27 พ.ย. 2558 37.4993 37.6017 38.3023
30 พ.ย. 2558 37.5216 37.6249 38.3219
01 ธ.ค. 2558 37.4332 37.5421 38.2351
02 ธ.ค. 2558 37.5374 37.6363 38.3360
03 ธ.ค. 2558 37.5845 37.6868 38.3864
04 ธ.ค. 2558 38.5449 38.6630 39.4047
08 ธ.ค. 2558 38.4630 38.5656 39.2750
09 ธ.ค. 2558 38.6640 38.7618 39.4875
11 ธ.ค. 2558 38.9242 39.0281 39.7159
14 ธ.ค. 2558 39.1849 39.2914 40.0005
15 ธ.ค. 2558 39.2623 39.3690 40.1090
16 ธ.ค. 2558 38.9180 39.0315 39.7178
17 ธ.ค. 2558 38.6782 38.7785 39.4915
18 ธ.ค. 2558 38.7266 38.8368 39.5548
21 ธ.ค. 2558 38.8320 38.9383 39.6461
22 ธ.ค. 2558 38.8748 38.9982 39.7144
23 ธ.ค. 2558 39.0083 39.1226 39.8231
24 ธ.ค. 2558 38.9540 39.0684 39.7929
25 ธ.ค. 2558 39.0193 39.1343 39.8619
28 ธ.ค. 2558 39.1140 39.2284 39.9358
29 ธ.ค. 2558 39.1583 39.2793 39.9823
30 ธ.ค. 2558 38.9721 39.0780 39.7995
04 ม.ค. 2559 38.7674 38.8912 39.6282
05 ม.ค. 2559 38.6829 38.7877 39.4878
06 ม.ค. 2559 38.4821 38.5852 39.2842
07 ม.ค. 2559 38.7263 38.8520 39.5506
08 ม.ค. 2559 38.9579 39.0664 39.7586
11 ม.ค. 2559 39.2166 39.3269 40.0305
12 ม.ค. 2559 38.9553 39.0583 39.7698
13 ม.ค. 2559 38.8093 38.9213 39.6187
14 ม.ค. 2559 39.0685 39.1742 39.8861
15 ม.ค. 2559 39.0295 39.1381 39.8433
18 ม.ค. 2559 39.1432 39.2540 39.9493
19 ม.ค. 2559 39.0085 39.1293 39.8522
20 ม.ค. 2559 39.1719 39.2894 40.0249
21 ม.ค. 2559 38.9728 39.0840 39.8306
22 ม.ค. 2559 38.7177 38.8301 39.5687
25 ม.ค. 2559 38.4458 38.5524 39.2448
26 ม.ค. 2559 38.5828 38.6838 39.3973
27 ม.ค. 2559 38.4182 38.5348 39.2489
28 ม.ค. 2559 38.5763 38.6806 39.3912
29 ม.ค. 2559 38.6290 38.7259 39.4477
01 ก.พ. 2559 38.2343 38.3401 39.0477
02 ก.พ. 2559 38.3889 38.4940 39.1963
03 ก.พ. 2559 38.6719 38.7755 39.4876
04 ก.พ. 2559 39.0342 39.1410 39.8761
05 ก.พ. 2559 39.3800 39.4810 40.1943
08 ก.พ. 2559 39.1415 39.2395 39.9632
09 ก.พ. 2559 39.2959 39.4047 40.1327
10 ก.พ. 2559 39.4728 39.5873 40.3127
11 ก.พ. 2559 39.3860 39.4931 40.2063
12 ก.พ. 2559 39.5323 39.6402 40.3620
15 ก.พ. 2559 39.5766 39.6719 40.3940
16 ก.พ. 2559 39.3325 39.4410 40.1462
17 ก.พ. 2559 39.2691 39.3770 40.1019
18 ก.พ. 2559 39.1438 39.2543 39.9876
19 ก.พ. 2559 39.1644 39.2735 39.9862
23 ก.พ. 2559 39.0135 39.1126 39.8140
24 ก.พ. 2559 38.8683 38.9813 39.6976
25 ก.พ. 2559 38.8192 38.9383 39.6727
26 ก.พ. 2559 38.9460 39.0473 39.7636
29 ก.พ. 2559 38.5759 38.6975 39.4192
01 มี.ค. 2559 38.3063 38.4111 39.1268
02 มี.ค. 2559 38.2343 38.3458 39.0549
03 มี.ค. 2559 38.1329 38.2315 38.9549
04 มี.ค. 2559 38.2813 38.3827 39.1223
07 มี.ค. 2559 38.4805 38.5851 39.2818
08 มี.ค. 2559 38.5724 38.6850 39.3952
09 มี.ค. 2559 38.3887 38.4927 39.2133
10 มี.ค. 2559 38.2670 38.3805 39.0923
11 มี.ค. 2559 38.8353 38.9421 39.6647
14 มี.ค. 2559 38.6583 38.7646 39.4758
15 มี.ค. 2559 38.5348 38.6396 39.3491
16 มี.ค. 2559 38.4871 38.5922 39.3015
17 มี.ค. 2559 38.6185 38.7237 39.4298
18 มี.ค. 2559 38.9524 39.0582 39.7652
21 มี.ค. 2559 38.8909 39.0066 39.7188
22 มี.ค. 2559 38.7869 38.8931 39.6172
23 มี.ค. 2559 38.7526 38.8578 39.5750
24 มี.ค. 2559 38.9418 39.0540 39.7602
25 มี.ค. 2559 38.9649 39.0764 39.7806
28 มี.ค. 2559 38.9716 39.0790 39.7877
29 มี.ค. 2559 39.1099 39.2215 39.9326
30 มี.ค. 2559 39.3826 39.4890 40.2069
31 มี.ค. 2559 39.4256 39.5412 40.2579
01 เม.ย. 2559 39.4786 39.6142 40.3236
04 เม.ย. 2559 39.6002 39.7081 40.4282
05 เม.ย. 2559 39.7936 39.9018 40.6149
07 เม.ย. 2559 39.6735 39.7834 40.5156
08 เม.ย. 2559 39.5315 39.6457 40.3563
11 เม.ย. 2559 39.5418 39.6544 40.3608
12 เม.ย. 2559 39.5017 39.6139 40.3300
18 เม.ย. 2559 39.1272 39.2388 39.9548
19 เม.ย. 2559 39.1020 39.2090 39.9294
20 เม.ย. 2559 39.1621 39.2721 39.9834
21 เม.ย. 2559 39.0985 39.2024 39.9335
22 เม.ย. 2559 39.1479 39.2508 39.9668
25 เม.ย. 2559 39.0144 39.1206 39.8266
26 เม.ย. 2559 39.1405 39.2428 39.9619
27 เม.ย. 2559 39.2381 39.3430 40.0704
28 เม.ย. 2559 39.2675 39.3732 40.0929
29 เม.ย. 2559 39.2486 39.3724 40.1050
03 พ.ค. 2559 39.7257 39.8262 40.5679
04 พ.ค. 2559 39.8743 39.9872 40.6989
09 พ.ค. 2559 39.5878 39.6891 40.4126
10 พ.ค. 2559 39.6418 39.7498 40.4830
11 พ.ค. 2559 39.6110 39.7170 40.4413
12 พ.ค. 2559 39.7846 39.8953 40.6122
13 พ.ค. 2559 39.7446 39.8547 40.5723
16 พ.ค. 2559 39.5759 39.6900 40.4274
17 พ.ค. 2559 39.5717 39.6763 40.3949
18 พ.ค. 2559 39.7570 39.8694 40.5798
19 พ.ค. 2559 39.5890 39.6868 40.4375
23 พ.ค. 2559 39.5389 39.6405 40.3621
24 พ.ค. 2559 39.5751 39.6811 40.3924
25 พ.ค. 2559 39.3714 39.4669 40.1981
26 พ.ค. 2559 39.3321 39.4320 40.1653
27 พ.ค. 2559 39.3815 39.4847 40.2146
30 พ.ค. 2559 39.2537 39.3584 40.0941
31 พ.ค. 2559 39.3402 39.4364 40.1782
01 มิ.ย. 2559 39.2570 39.3608 40.0789
02 มิ.ย. 2559 39.4408 39.5389 40.2651
03 มิ.ย. 2559 39.1950 39.3004 40.0276
06 มิ.ย. 2559 39.6329 39.7374 40.4795
07 มิ.ย. 2559 39.6083 39.7098 40.4243
08 มิ.ย. 2559 39.5671 39.6731 40.4109
09 มิ.ย. 2559 39.5504 39.6435 40.3978
10 มิ.ย. 2559 39.3712 39.4812 40.1948
13 มิ.ย. 2559 39.1591 39.2595 39.9851
14 มิ.ย. 2559 39.2360 39.3384 40.0359
15 มิ.ย. 2559 39.1147 39.2170 39.9415
16 มิ.ย. 2559 39.1961 39.2969 40.0371
17 มิ.ย. 2559 39.2415 39.3463 40.0819
20 มิ.ย. 2559 39.4888 39.5935 40.3253
21 มิ.ย. 2559 39.4324 39.5393 40.2761
22 มิ.ย. 2559 39.1918 39.3013 40.0244
23 มิ.ย. 2559 39.4019 39.5110 40.2314
24 มิ.ย. 2559 38.7509 38.8627 39.7140
27 มิ.ย. 2559 38.4394 38.5221 39.3931
28 มิ.ย. 2559 38.4694 38.5743 39.3762
29 มิ.ย. 2559 38.4958 38.5991 39.3964
30 มิ.ย. 2559 38.5684 38.6841 39.4353
04 ก.ค. 2559 38.5647 38.6625 39.4194
05 ก.ค. 2559 38.5842 38.6767 39.4936
06 ก.ค. 2559 38.4260 38.5073 39.3457
07 ก.ค. 2559 38.5055 38.6029 39.4013
08 ก.ค. 2559 38.4901 38.5871 39.3849
11 ก.ค. 2559 38.3189 38.4153 39.1972
12 ก.ค. 2559 38.4296 38.5269 39.3166
13 ก.ค. 2559 38.4432 38.5531 39.3156
14 ก.ค. 2559 38.5418 38.6454 39.4226
15 ก.ค. 2559 38.4359 38.5340 39.3060
20 ก.ค. 2559 38.0693 38.1838 38.9788
21 ก.ค. 2559 38.1280 38.2379 38.9872
22 ก.ค. 2559 38.0391 38.1404 38.8998
25 ก.ค. 2559 37.8984 37.9959 38.7404
26 ก.ค. 2559 38.0414 38.1438 38.9000
27 ก.ค. 2559 37.9921 38.0948 38.8441
28 ก.ค. 2559 38.1501 38.2537 39.0198
29 ก.ค. 2559 38.1585 38.2529 39.0247
01 ส.ค. 2559 38.3723 38.4685 39.2060
02 ส.ค. 2559 38.4026 38.5024 39.2283
03 ส.ค. 2559 38.5324 38.6428 39.3875
04 ส.ค. 2559 38.4713 38.5747 39.3119
05 ส.ค. 2559 38.3358 38.4408 39.1930
08 ส.ค. 2559 38.3100 38.4082 39.1672
09 ส.ค. 2559 38.2355 38.3421 39.1318
10 ส.ค. 2559 38.2813 38.3923 39.1495
11 ส.ค. 2559 38.3868 38.4947 39.2426
15 ส.ค. 2559 38.2500 38.3636 39.1100
16 ส.ค. 2559 38.2537 38.3533 39.1240
17 ส.ค. 2559 38.5726 38.6776 39.4371
18 ส.ค. 2559 38.5966 38.6951 39.4700
19 ส.ค. 2559 38.7472 38.8520 39.6096
22 ส.ค. 2559 38.6787 38.7768 39.5343
23 ส.ค. 2559 38.7274 38.8308 39.5902
24 ส.ค. 2559 38.6741 38.7850 39.5265
25 ส.ค. 2559 38.5276 38.6302 39.3862
26 ส.ค. 2559 38.5161 38.6151 39.3841
29 ส.ค. 2559 38.3249 38.4208 39.1992
30 ส.ค. 2559 38.1420 38.2441 39.0196
31 ส.ค. 2559 38.1058 38.2092 38.9770
01 ก.ย. 2559 38.1137 38.2162 38.9957
02 ก.ย. 2559 38.2406 38.3462 39.1106
05 ก.ย. 2559 38.2227 38.3231 39.0539
06 ก.ย. 2559 38.2975 38.3985 39.1482
07 ก.ย. 2559 38.3725 38.4851 39.2324
08 ก.ย. 2559 38.4806 38.5928 39.3352
09 ก.ย. 2559 38.6936 38.7977 39.5455
12 ก.ย. 2559 38.7153 38.8217 39.5811
13 ก.ย. 2559 38.6557 38.7641 39.5101
14 ก.ย. 2559 38.7101 38.8207 39.5683
15 ก.ย. 2559 38.7220 38.8246 39.5892
16 ก.ย. 2559 38.6575 38.7631 39.5199
19 ก.ย. 2559 38.4384 38.5453 39.2954
20 ก.ย. 2559 38.4237 38.5329 39.2908
21 ก.ย. 2559 38.2752 38.3754 39.1396
22 ก.ย. 2559 38.3020 38.4026 39.1792
23 ก.ย. 2559 38.3361 38.4385 39.2126
26 ก.ย. 2559 38.4299 38.5325 39.3015
27 ก.ย. 2559 38.4237 38.5304 39.2955
28 ก.ย. 2559 38.2863 38.3939 39.1729
29 ก.ย. 2559 38.3511 38.4567 39.2255
30 ก.ย. 2559 38.3919 38.4972 39.2818
03 ต.ค. 2559 38.3703 38.4821 39.2379
04 ต.ค. 2559 38.3546 38.4488 39.2060
05 ต.ค. 2559 38.4738 38.5804 39.3490
06 ต.ค. 2559 38.5023 38.6031 39.3448
07 ต.ค. 2559 38.2906 38.3947 39.1679
10 ต.ค. 2559 38.6850 38.7716 39.5110
11 ต.ค. 2559 38.6369 38.7393 39.5065
12 ต.ค. 2559 38.6889 38.7696 39.5631
13 ต.ค. 2559 38.8284 38.9174 39.7167
14 ต.ค. 2559 38.4094 38.5155 39.2275
17 ต.ค. 2559 38.3424 38.4225 39.1971
18 ต.ค. 2559 38.2538 38.3532 39.0937
19 ต.ค. 2559 37.9168 38.0261 38.7461
20 ต.ค. 2559 37.8292 37.9116 38.6480
21 ต.ค. 2559 37.8215 37.9145 38.6522
25 ต.ค. 2559 37.6303 37.7323 38.4749
26 ต.ค. 2559 37.5888 37.6824 38.4212
27 ต.ค. 2559 37.7235 37.8270 38.6070
28 ต.ค. 2559 37.8271 37.9157 38.6752
31 ต.ค. 2559 37.9171 38.0075 38.7762
01 พ.ย. 2559 37.9049 37.9929 38.7553
02 พ.ย. 2559 38.2377 38.3192 39.0925
03 พ.ย. 2559 38.2953 38.4133 39.1672
04 พ.ย. 2559 38.3097 38.4129 39.1619
07 พ.ย. 2559 38.3527 38.4549 39.1905
08 พ.ย. 2559 38.1103 38.2016 38.9622
09 พ.ย. 2559 38.4194 38.5178 39.2702
10 พ.ย. 2559 37.8803 37.9733 38.6782
11 พ.ย. 2559 37.9904 38.0724 38.8485
14 พ.ย. 2559 37.7761 37.8711 38.6063
15 พ.ย. 2559 37.5995 37.7025 38.4440
16 พ.ย. 2559 37.6024 37.6909 38.4398
17 พ.ย. 2559 37.4225 37.5145 38.2936
18 พ.ย. 2559 37.2303 37.3203 38.0970
21 พ.ย. 2559 37.1949 37.3072 38.0740
22 พ.ย. 2559 37.2294 37.3322 38.1184
23 พ.ย. 2559 37.2258 37.3153 38.1118
24 พ.ย. 2559 37.1374 37.2270 37.9639
25 พ.ย. 2559 37.1907 37.2902 38.0167
28 พ.ย. 2559 37.3565 37.4708 38.2061
29 พ.ย. 2559 37.2328 37.3207 38.0457
30 พ.ย. 2559 37.4160 37.5180 38.2678
01 ธ.ค. 2559 37.3629 37.4424 38.2292
02 ธ.ค. 2559 37.5489 37.6421 38.4342
06 ธ.ค. 2559 37.8230 37.9108 38.6704
07 ธ.ค. 2559 37.7460 37.8331 38.5810
08 ธ.ค. 2559 37.8521 37.9418 38.7008
09 ธ.ค. 2559 37.3616 37.4714 38.2005
13 ธ.ค. 2559 37.3617 37.4636 38.2134
14 ธ.ค. 2559 37.3349 37.4252 38.1949
15 ธ.ค. 2559 37.0342 37.1027 37.8890
16 ธ.ค. 2559 36.8256 36.9037 37.7064
19 ธ.ค. 2559 36.9922 37.0835 37.8589
20 ธ.ค. 2559 36.8513 36.9502 37.7016
21 ธ.ค. 2559 36.9507 37.0438 37.8438
22 ธ.ค. 2559 37.0959 37.1839 37.9597
23 ธ.ค. 2559 37.1238 37.2093 37.9654
26 ธ.ค. 2559 37.1263 37.2146 37.9752
27 ธ.ค. 2559 37.0981 37.1886 37.9501
28 ธ.ค. 2559 37.2300 37.3327 38.0585
29 ธ.ค. 2559 37.0849 37.1729 37.9308
30 ธ.ค. 2559 37.2769 37.3791 38.1362
04 ม.ค. 2560 36.8760 36.9643 37.7396
05 ม.ค. 2560 37.1719 37.2545 38.0324
06 ม.ค. 2560 37.2973 37.3870 38.1535
09 ม.ค. 2560 37.2126 37.3007 38.0628
10 ม.ค. 2560 37.2613 37.3386 38.1370
11 ม.ค. 2560 37.0848 37.1845 37.9442
12 ม.ค. 2560 36.9932 37.0963 37.8215
13 ม.ค. 2560 37.0927 37.1747 37.9473
16 ม.ค. 2560 37.1624 37.2667 38.0187
17 ม.ค. 2560 37.1307 37.2329 37.9529
18 ม.ค. 2560 37.2570 37.3541 38.0915
19 ม.ค. 2560 37.1760 37.2812 37.9814
20 ม.ค. 2560 37.2348 37.3454 38.0981
23 ม.ค. 2560 37.4121 37.5108 38.2646
24 ม.ค. 2560 37.4038 37.5065 38.2428
25 ม.ค. 2560 37.3192 37.4281 38.1852
26 ม.ค. 2560 37.3857 37.4951 38.2044
27 ม.ค. 2560 37.2084 37.3207 38.0625
30 ม.ค. 2560 37.3428 37.4454 38.1925
31 ม.ค. 2560 37.1873 37.2878 38.0113
01 ก.พ. 2560 37.4277 37.5307 38.2621
02 ก.พ. 2560 37.3630 37.4676 38.1872
03 ก.พ. 2560 37.2511 37.3674 38.1282
06 ก.พ. 2560 37.2642 37.3688 38.1033
07 ก.พ. 2560 37.0650 37.1701 37.9160
08 ก.พ. 2560 36.9308 37.0305 37.7762
09 ก.พ. 2560 36.9172 37.0156 37.7407
10 ก.พ. 2560 36.8681 36.9826 37.7364
14 ก.พ. 2560 36.6701 36.7696 37.5034
15 ก.พ. 2560 36.5626 36.6648 37.4032
16 ก.พ. 2560 36.6654 36.7702 37.5065
17 ก.พ. 2560 36.8240 36.9503 37.6744
20 ก.พ. 2560 36.6467 36.7566 37.5059
21 ก.พ. 2560 36.6118 36.7201 37.4491
22 ก.พ. 2560 36.4378 36.5418 37.2747
23 ก.พ. 2560 36.4630 36.5657 37.2773
24 ก.พ. 2560 36.5021 36.6098 37.3283
27 ก.พ. 2560 36.3695 36.4616 37.2009
28 ก.พ. 2560 36.4355 36.5358 37.2814
01 มี.ค. 2560 36.4634 36.5639 37.3043
02 มี.ค. 2560 36.3751 36.4772 37.2459
03 มี.ค. 2560 36.3760 36.4714 37.2121
06 มี.ค. 2560 36.6565 36.7618 37.5047
07 มี.ค. 2560 36.6123 36.7238 37.4833
08 มี.ค. 2560 36.6775 36.7746 37.5072
09 มี.ค. 2560 36.7384 36.8355 37.5698
10 มี.ค. 2560 36.9863 37.0871 37.8263
13 มี.ค. 2560 37.2665 37.3702 38.0986
14 มี.ค. 2560 37.1386 37.2425 37.9784
15 มี.ค. 2560 36.9727 37.0805 37.8273
16 มี.ค. 2560 37.1192 37.2210 37.9921
17 มี.ค. 2560 37.1573 37.2570 38.0122
20 มี.ค. 2560 36.8740 36.9662 37.7048
21 มี.ค. 2560 36.8918 36.9904 37.7290
22 มี.ค. 2560 37.0174 37.1213 37.8566
23 มี.ค. 2560 36.8497 36.9571 37.7210
24 มี.ค. 2560 36.8394 36.9409 37.6807
27 มี.ค. 2560 36.9184 37.0181 37.7420
28 มี.ค. 2560 36.9042 37.0067 37.7280
29 มี.ค. 2560 36.8386 36.9384 37.6770
30 มี.ค. 2560 36.6167 36.7162 37.4365
31 มี.ค. 2560 36.3350 36.4362 37.1446
03 เม.ย. 2560 36.1703 36.2705 36.9600
04 เม.ย. 2560 36.2205 36.3190 37.0289
05 เม.ย. 2560 36.3786 36.4796 37.1755
07 เม.ย. 2560 36.4171 36.5074 37.1749
10 เม.ย. 2560 36.1906 36.2883 36.9862
11 เม.ย. 2560 36.1843 36.2820 36.9797
12 เม.ย. 2560 36.1603 36.2646 36.9885
17 เม.ย. 2560 35.9420 36.0463 36.7706
18 เม.ย. 2560 36.1223 36.2273 36.9559
19 เม.ย. 2560 36.3077 36.4095 37.1532
20 เม.ย. 2560 36.3691 36.4746 37.2021
21 เม.ย. 2560 36.3991 36.5007 37.2526
24 เม.ย. 2560 36.7602 36.8596 37.6203
25 เม.ย. 2560 36.8713 36.9637 37.6974
26 เม.ย. 2560 37.1656 37.2731 37.9905
27 เม.ย. 2560 37.1798 37.2795 37.9735
28 เม.ย. 2560 37.1665 37.2679 37.9766
02 พ.ค. 2560 37.2240 37.3284 38.0476
03 พ.ค. 2560 37.1741 37.2786 38.0064
04 พ.ค. 2560 37.1891 37.2900 38.0186
05 พ.ค. 2560 37.5073 37.6071 38.3418
08 พ.ค. 2560 37.5416 37.6442 38.3930
09 พ.ค. 2560 37.3942 37.4965 38.2422
11 พ.ค. 2560 37.3301 37.4382 38.1930
12 พ.ค. 2560 37.2366 37.3425 38.0946
15 พ.ค. 2560 37.3415 37.4427 38.1729
16 พ.ค. 2560 37.4140 37.5201 38.2546
17 พ.ค. 2560 37.7760 37.8815 38.6263
18 พ.ค. 2560 37.9756 38.0814 38.8497
19 พ.ค. 2560 37.8598 37.9643 38.7259
22 พ.ค. 2560 37.9573 38.0621 38.8060
23 พ.ค. 2560 38.1576 38.2583 38.9873
24 พ.ค. 2560 38.0441 38.1411 38.8996
25 พ.ค. 2560 37.9801 38.0845 38.8386
26 พ.ค. 2560 37.7043 37.8120 38.5411
29 พ.ค. 2560 37.6041 37.7082 38.4367
30 พ.ค. 2560 37.4966 37.6014 38.3231
31 พ.ค. 2560 37.6323 37.7243 38.4628
01 มิ.ย. 2560 37.8206 37.9260 38.7190
02 มิ.ย. 2560 37.8594 37.9621 38.7200
05 มิ.ย. 2560 37.8761 37.9838 38.7381
06 มิ.ย. 2560 37.8202 37.9241 38.6705
07 มิ.ย. 2560 37.8011 37.9068 38.6726
08 มิ.ย. 2560 37.8201 37.9204 38.6764
09 มิ.ย. 2560 37.6169 37.7210 38.4912
12 มิ.ย. 2560 37.6869 37.7918 38.5598
13 มิ.ย. 2560 37.5702 37.6745 38.4214
14 มิ.ย. 2560 37.5463 37.6512 38.3775
15 มิ.ย. 2560 37.5197 37.6262 38.3820
16 มิ.ย. 2560 37.4090 37.5122 38.2306
19 มิ.ย. 2560 37.5084 37.6154 38.3503
20 มิ.ย. 2560 37.4171 37.5215 38.2382
21 มิ.ย. 2560 37.3866 37.4984 38.2507
22 มิ.ย. 2560 37.4295 37.5393 38.2734
23 มิ.ย. 2560 37.4306 37.5383 38.2524
26 มิ.ย. 2560 37.5299 37.6280 38.3359
27 มิ.ย. 2560 37.5440 37.6487 38.3651
28 มิ.ย. 2560 38.0720 38.1750 38.8825
29 มิ.ย. 2560 38.1953 38.3081 39.0449
30 มิ.ย. 2560 38.3844 38.4919 39.2127
03 ก.ค. 2560 38.2517 38.3656 39.1099
04 ก.ค. 2560 38.1721 38.2758 39.0137
05 ก.ค. 2560 38.1211 38.2324 38.9799
06 ก.ค. 2560 38.1195 38.2196 38.9505
07 ก.ค. 2560 38.4122 38.5216 39.2627
11 ก.ค. 2560 38.3652 38.4760 39.2151
12 ก.ค. 2560 38.5304 38.6360 39.3583
13 ก.ค. 2560 38.3373 38.4467 39.1694
14 ก.ค. 2560 38.2008 38.3089 39.0530
17 ก.ค. 2560 38.1748 38.2804 39.0047
18 ก.ค. 2560 38.2284 38.3288 39.0685
19 ก.ค. 2560 38.3442 38.4470 39.1719
20 ก.ค. 2560 38.2550 38.3580 39.0906
21 ก.ค. 2560 38.5253 38.6323 39.3441
24 ก.ค. 2560 38.5053 38.6018 39.3358
25 ก.ค. 2560 38.4466 38.5581 39.3081
26 ก.ค. 2560 38.5245 38.6262 39.3434
27 ก.ค. 2560 38.6421 38.7373 39.4609
31 ก.ค. 2560 38.6268 38.7284 39.4682
01 ส.ค. 2560 38.8458 38.9494 39.7021
02 ส.ค. 2560 38.8427 38.9445 39.6958
03 ส.ค. 2560 38.9363 39.0430 39.7962
04 ส.ค. 2560 38.9841 39.0903 39.8500
07 ส.ค. 2560 38.7652 38.8608 39.6016
08 ส.ค. 2560 38.7982 38.9037 39.6489
09 ส.ค. 2560 38.5678 38.6777 39.4430
10 ส.ค. 2560 38.5780 38.6795 39.4210
11 ส.ค. 2560 38.6404 38.7476 39.4807
15 ส.ค. 2560 38.6728 38.7817 39.5246
16 ส.ค. 2560 38.5862 38.7021 39.4421
17 ส.ค. 2560 38.6670 38.7725 39.5174
18 ส.ค. 2560 38.4879 38.6015 39.3553
21 ส.ค. 2560 38.5561 38.6640 39.4057
22 ส.ค. 2560 38.7804 38.8883 39.6187
23 ส.ค. 2560 38.6367 38.7438 39.4717
24 ส.ค. 2560 38.8795 38.9863 39.7100
25 ส.ค. 2560 38.8445 38.9579 39.6887
28 ส.ค. 2560 39.1307 39.2424 39.9873
29 ส.ค. 2560 39.2789 39.3853 40.1199
30 ส.ค. 2560 39.2773 39.3836 40.0971
31 ส.ค. 2560 38.9990 39.1062 39.8425
01 ก.ย. 2560 38.9960 39.1064 39.8596
04 ก.ย. 2560 38.9289 39.0435 39.8142
05 ก.ย. 2560 38.9826 39.0897 39.8238
06 ก.ย. 2560 39.0227 39.1250 39.8816
07 ก.ย. 2560 39.0285 39.1411 39.8728
08 ก.ย. 2560 39.3714 39.4747 40.1862
11 ก.ย. 2560 39.2868 39.4019 40.1482
12 ก.ย. 2560 39.1189 39.2283 39.9873
13 ก.ย. 2560 39.1475 39.2579 39.9980
14 ก.ย. 2560 38.8774 38.9890 39.7268
15 ก.ย. 2560 38.8999 39.0087 39.7489
18 ก.ย. 2560 39.0239 39.1348 39.8781
19 ก.ย. 2560 39.1091 39.2114 39.9508
20 ก.ย. 2560 39.2053 39.3148 40.0505
21 ก.ย. 2560 38.8881 38.9931 39.7131
22 ก.ย. 2560 39.0828 39.1948 39.9185
25 ก.ย. 2560 38.9831 39.0893 39.8232
26 ก.ย. 2560 38.7945 38.9012 39.6257
27 ก.ย. 2560 38.7121 38.8218 39.5349
28 ก.ย. 2560 38.7160 38.8158 39.5283
29 ก.ย. 2560 38.8355 38.9463 39.6762
02 ต.ค. 2560 38.8209 38.9261 39.6482
03 ต.ค. 2560 38.7390 38.8506 39.5916
04 ต.ค. 2560 38.7803 38.8904 39.6016
05 ต.ค. 2560 38.7556 38.8642 39.5840
06 ต.ค. 2560 38.6501 38.7611 39.4792
09 ต.ค. 2560 38.7199 38.8234 39.5485
10 ต.ค. 2560 38.7553 38.8628 39.5915
11 ต.ค. 2560 38.7646 38.8735 39.5976
12 ต.ค. 2560 38.8557 38.9635 39.6873
16 ต.ค. 2560 38.5599 38.6625 39.4006
17 ต.ค. 2560 38.4919 38.5938 39.3140
18 ต.ค. 2560 38.4513 38.5616 39.3030
19 ต.ค. 2560 38.6584 38.7498 39.4691
20 ต.ค. 2560 38.7133 38.8175 39.5391
24 ต.ค. 2560 38.5212 38.6286 39.3561
25 ต.ค. 2560 38.5471 38.6568 39.3996
27 ต.ค. 2560 38.2408 38.3485 39.0824
30 ต.ค. 2560 38.1159 38.2252 38.9417
31 ต.ค. 2560 38.1841 38.2950 39.0362
01 พ.ย. 2560 38.1484 38.2512 38.9703
02 พ.ย. 2560 38.0925 38.2036 38.9283
03 พ.ย. 2560 38.1098 38.2178 38.9511
06 พ.ย. 2560 38.0342 38.1429 38.8686
07 พ.ย. 2560 37.9763 38.0813 38.7959
08 พ.ย. 2560 37.9353 38.0442 38.7778
09 พ.ย. 2560 37.8930 37.9995 38.7447
10 พ.ย. 2560 38.0490 38.1587 38.8903
13 พ.ย. 2560 38.0704 38.1834 38.9049
14 พ.ย. 2560 38.1095 38.2226 38.9480
15 พ.ย. 2560 38.4769 38.5815 39.3151
16 พ.ย. 2560 38.4142 38.5247 39.2670
17 พ.ย. 2560 38.3220 38.4284 39.1501
20 พ.ย. 2560 38.0396 38.1455 38.8780
21 พ.ย. 2560 38.0627 38.1699 38.8971
22 พ.ย. 2560 37.9824 38.0855 38.7988
23 พ.ย. 2560 38.1938 38.3000 39.0218
24 พ.ย. 2560 38.2291 38.3357 39.0625
27 พ.ย. 2560 38.4608 38.5730 39.2912
28 พ.ย. 2560 38.3449 38.4591 39.1942
29 พ.ย. 2560 38.1348 38.2460 38.9582
30 พ.ย. 2560 38.1938 38.3076 39.0211
01 ธ.ค. 2560 38.4078 38.5116 39.2350
04 ธ.ค. 2560 38.2728 38.3800 39.1150
06 ธ.ค. 2560 38.1074 38.2113 38.9274
07 ธ.ค. 2560 38.0151 38.1224 38.8523
08 ธ.ค. 2560 37.9274 38.0291 38.7540
12 ธ.ค. 2560 37.8584 37.9662 38.7126
13 ธ.ค. 2560 37.8223 37.9313 38.6572
14 ธ.ค. 2560 37.9684 38.0730 38.8185
15 ธ.ค. 2560 37.8498 37.9485 38.6773
18 ธ.ค. 2560 37.7936 37.9058 38.6505
19 ธ.ค. 2560 38.1484 38.2490 38.9859
20 ธ.ค. 2560 38.2910 38.3899 39.1120
21 ธ.ค. 2560 38.3606 38.4644 39.2036
22 ธ.ค. 2560 38.2979 38.4018 39.1251
25 ธ.ค. 2560 38.3492 38.4533 39.1553
26 ธ.ค. 2560 38.4024 38.5084 39.2315
27 ธ.ค. 2560 38.4402 38.5510 39.2843
28 ธ.ค. 2560 38.4623 38.5614 39.2967
29 ธ.ค. 2560 38.5567 38.6607 39.3938
03 ม.ค. 2561 38.5940 38.7023 39.4246
04 ม.ค. 2561 38.3540 38.4602 39.1643
05 ม.ค. 2561 38.3961 38.5015 39.2313
08 ม.ค. 2561 38.2175 38.3202 39.0416
09 ม.ค. 2561 38.0990 38.2022 38.9300
10 ม.ค. 2561 38.0203 38.1268 38.8341
11 ม.ค. 2561 37.8849 37.9880 38.6931
12 ม.ค. 2561 37.9976 38.1058 38.8458
15 ม.ค. 2561 38.4645 38.5730 39.2838
16 ม.ค. 2561 38.6818 38.7883 39.5020
17 ม.ค. 2561 38.7054 38.8152 39.5294
18 ม.ค. 2561 38.4993 38.6082 39.3135
19 ม.ค. 2561 38.5435 38.6556 39.3792
22 ม.ค. 2561 38.5318 38.6415 39.3595
23 ม.ค. 2561 38.5349 38.6460 39.3724
24 ม.ค. 2561 38.5787 38.6890 39.4005
25 ม.ค. 2561 38.5682 38.6718 39.3820
26 ม.ค. 2561 38.5238 38.6295 39.3568
29 ม.ค. 2561 38.4109 38.5204 39.2266
30 ม.ค. 2561 38.4438 38.5533 39.2689
31 ม.ค. 2561 38.4872 38.5952 39.3150
01 ก.พ. 2561 38.4204 38.5380 39.2853
02 ก.พ. 2561 38.6810 38.7932 39.5142
05 ก.พ. 2561 38.7420 38.8519 39.5780
06 ก.พ. 2561 38.6961 38.8036 39.4997
07 ก.พ. 2561 38.4834 38.5921 39.3144
08 ก.พ. 2561 38.4295 38.5413 39.2796
09 ก.พ. 2561 38.5673 38.6686 39.3758
12 ก.พ. 2561 38.3198 38.4422 39.1892
13 ก.พ. 2561 38.3092 38.4160 39.1506
14 ก.พ. 2561 38.3746 38.4800 39.1795
15 ก.พ. 2561 38.4902 38.6075 39.3391
16 ก.พ. 2561 38.6344 38.7471 39.4766
19 ก.พ. 2561 38.4076 38.5155 39.2413
20 ก.พ. 2561 38.4651 38.5767 39.2940
21 ก.พ. 2561 38.4009 38.5119 39.2356
22 ก.พ. 2561 38.3200 38.4263 39.1425
23 ก.พ. 2561 38.2737 38.3789 39.1082
26 ก.พ. 2561 38.1591 38.2642 38.9560
27 ก.พ. 2561 38.1058 38.2113 38.9267
28 ก.พ. 2561 37.9991 38.1093 38.8586
02 มี.ค. 2561 38.1337 38.2420 38.9565
05 มี.ค. 2561 38.2090 38.3257 39.0626
06 มี.ค. 2561 38.2778 38.3849 39.1189
07 มี.ค. 2561 38.4278 38.5385 39.2720
08 มี.ค. 2561 38.3723 38.4840 39.1899
09 มี.ค. 2561 38.1483 38.2530 38.9683
12 มี.ค. 2561 38.0657 38.1788 38.9288
13 มี.ค. 2561 38.0720 38.1833 38.9338
14 มี.ค. 2561 38.1745 38.2849 39.0138
15 มี.ค. 2561 38.0589 38.1763 38.9205
16 มี.ค. 2561 37.9341 38.0492 38.7847
19 มี.ค. 2561 37.8318 37.9537 38.7024
20 มี.ค. 2561 37.9842 38.1000 38.8697
21 มี.ค. 2561 37.7829 37.8945 38.6343
22 มี.ค. 2561 38.0215 38.1444 38.9113
23 มี.ค. 2561 38.0471 38.1632 38.9445
26 มี.ค. 2561 38.0376 38.1558 38.9467
27 มี.ค. 2561 38.2692 38.3839 39.1146
28 มี.ค. 2561 38.2477 38.3657 39.1038
29 มี.ค. 2561 38.0335 38.1405 38.8763
30 มี.ค. 2561 37.9452 38.0682 38.8106
02 เม.ย. 2561 37.9021 38.0203 38.7882
03 เม.ย. 2561 37.9151 38.0273 38.7638
04 เม.ย. 2561 37.8206 37.9308 38.6705
05 เม.ย. 2561 37.8336 37.9462 38.7044
09 เม.ย. 2561 37.8563 37.9635 38.7005
10 เม.ย. 2561 37.9775 38.0881 38.8541
11 เม.ย. 2561 38.0836 38.1956 38.9009
12 เม.ย. 2561 38.0447 38.1555 38.8875
17 เม.ย. 2561 38.0926 38.2036 38.9581
18 เม.ย. 2561 38.1380 38.2535 38.9891
19 เม.ย. 2561 38.1629 38.2706 38.9950
20 เม.ย. 2561 38.0680 38.1836 38.9615
23 เม.ย. 2561 38.0464 38.1541 38.8831
24 เม.ย. 2561 37.9666 38.0775 38.8244
25 เม.ย. 2561 37.9818 38.0929 38.8381
26 เม.ย. 2561 37.9526 38.0584 38.8110
27 เม.ย. 2561 37.7793 37.8893 38.6695
30 เม.ย. 2561 37.6928 37.8028 38.5714
02 พ.ค. 2561 37.5595 37.6632 38.4154
03 พ.ค. 2561 37.4765 37.5893 38.3658
04 พ.ค. 2561 37.4371 37.5402 38.2884
07 พ.ค. 2561 37.5103 37.6180 38.3790
08 พ.ค. 2561 37.5346 37.6349 38.3394
09 พ.ค. 2561 37.5204 37.6242 38.3414
10 พ.ค. 2561 37.6406 37.7372 38.4602
11 พ.ค. 2561 37.5860 37.6896 38.4199
14 พ.ค. 2561 37.5785 37.6859 38.4484
15 พ.ค. 2561 37.5734 37.6756 38.3978
16 พ.ค. 2561 37.5018 37.6058 38.3372
17 พ.ค. 2561 37.3652 37.4715 38.1944
18 พ.ค. 2561 37.4093 37.5178 38.2588
21 พ.ค. 2561 37.3395 37.4470 38.2075
22 พ.ค. 2561 37.3554 37.4608 38.2277
23 พ.ค. 2561 37.2502 37.3525 38.0853
24 พ.ค. 2561 37.1212 37.2256 37.9461
25 พ.ค. 2561 37.0169 37.1190 37.8425
28 พ.ค. 2561 36.8473 36.9571 37.7223
30 พ.ค. 2561 36.6296 36.7333 37.4717
31 พ.ค. 2561 36.8561 36.9583 37.6896
01 มิ.ย. 2561 36.9962 37.0991 37.8220
04 มิ.ย. 2561 36.9226 37.0267 37.7785
05 มิ.ย. 2561 36.9078 37.0174 37.7521
06 มิ.ย. 2561 36.9275 37.0453 37.7779
07 มิ.ย. 2561 37.1533 37.2560 37.9809
08 มิ.ย. 2561 37.3015 37.4050 38.1556
11 มิ.ย. 2561 37.2827 37.3936 38.1619
12 มิ.ย. 2561 37.2204 37.3302 38.1020
13 มิ.ย. 2561 37.2357 37.3412 38.0900
14 มิ.ย. 2561 37.4209 37.5295 38.3026
15 มิ.ย. 2561 36.9867 37.0796 37.8218
18 มิ.ย. 2561 37.3952 37.4976 38.2021
19 มิ.ย. 2561 37.5122 37.6257 38.3735
20 มิ.ย. 2561 37.4156 37.5160 38.2498
21 มิ.ย. 2561 37.5479 37.6497 38.4022
22 มิ.ย. 2561 37.7819 37.8779 38.6229
25 มิ.ย. 2561 37.9171 38.0266 38.7916
26 มิ.ย. 2561 38.0879 38.1969 38.9670
27 มิ.ย. 2561 38.0035 38.1042 38.8506
28 มิ.ย. 2561 37.7292 37.8313 38.5592
29 มิ.ย. 2561 38.0368 38.1371 38.8481
02 ก.ค. 2561 38.0948 38.1961 38.9107
03 ก.ค. 2561 38.1525 38.2579 39.0079
04 ก.ค. 2561 38.1715 38.2758 39.0128
05 ก.ค. 2561 38.2291 38.3382 39.0994
06 ก.ค. 2561 38.3445 38.4489 39.1661
09 ก.ค. 2561 38.4448 38.5566 39.2888
10 ก.ค. 2561 38.3927 38.5077 39.2666
11 ก.ค. 2561 38.5179 38.6255 39.3947
12 ก.ค. 2561 38.4201 38.5210 39.2637
13 ก.ค. 2561 38.2899 38.3897 39.1175
16 ก.ค. 2561 38.3935 38.5117 39.2570
17 ก.ค. 2561 38.4289 38.5513 39.2973
18 ก.ค. 2561 38.3515 38.4599 39.2040
19 ก.ค. 2561 38.3484 38.4562 39.2063
20 ก.ค. 2561 38.5097 38.6142 39.3309
23 ก.ค. 2561 38.6216 38.7297 39.4769
24 ก.ค. 2561 38.6098 38.7244 39.4903
25 ก.ค. 2561 38.5127 38.6118 39.3582
26 ก.ค. 2561 38.4973 38.6011 39.3396
31 ก.ค. 2561 38.5010 38.6192 39.3528
01 ส.ค. 2561 38.3254 38.4255 39.1442
02 ส.ค. 2561 38.1821 38.2869 39.0366
03 ส.ค. 2561 38.1299 38.2395 38.9639
06 ส.ค. 2561 37.9465 38.0609 38.7962
07 ส.ค. 2561 38.0422 38.1516 38.8890
08 ส.ค. 2561 38.0778 38.1773 38.9133
09 ส.ค. 2561 38.0058 38.1189 38.8772
10 ส.ค. 2561 37.7804 37.8837 38.6241
14 ส.ค. 2561 37.5453 37.6631 38.3823
15 ส.ค. 2561 37.2978 37.4025 38.1427
16 ส.ค. 2561 37.3339 37.4398 38.1993
17 ส.ค. 2561 37.3033 37.4071 38.1380
20 ส.ค. 2561 37.4131 37.5183 38.2604
21 ส.ค. 2561 37.2937 37.3956 38.1574
22 ส.ค. 2561 37.3719 37.4710 38.2032
23 ส.ค. 2561 37.4264 37.5357 38.2745
24 ส.ค. 2561 37.4406 37.5442 38.2879
27 ส.ค. 2561 37.4162 37.5211 38.2701
28 ส.ค. 2561 37.5343 37.6344 38.3533
29 ส.ค. 2561 37.7096 37.8071 38.5273
30 ส.ค. 2561 37.7510 37.8592 38.6115
31 ส.ค. 2561 37.7503 37.8490 38.5741
03 ก.ย. 2561 37.4914 37.5932 38.3516
04 ก.ย. 2561 37.4778 37.5853 38.3399
05 ก.ย. 2561 37.5266 37.6261 38.3657
06 ก.ย. 2561 37.6678 37.7740 38.5114
07 ก.ย. 2561 37.6250 37.7305 38.4656
10 ก.ย. 2561 37.4493 37.5583 38.3289
11 ก.ย. 2561 37.5830 37.6896 38.4253
12 ก.ย. 2561 37.5564 37.6589 38.3981
13 ก.ย. 2561 37.4637 37.5703 38.2897
14 ก.ย. 2561 37.5917 37.7014 38.4375
17 ก.ย. 2561 37.5116 37.6241 38.3808
18 ก.ย. 2561 37.6393 37.7443 38.4444
19 ก.ย. 2561 37.5183 37.6213 38.3381
20 ก.ย. 2561 37.2999 37.4101 38.1792
21 ก.ย. 2561 37.6520 37.7599 38.5117
24 ก.ย. 2561 37.6538 37.7591 38.4851
25 ก.ย. 2561 37.6391 37.7426 38.4797
26 ก.ย. 2561 37.6815 37.7897 38.5137
27 ก.ย. 2561 37.6220 37.7237 38.4482
28 ก.ย. 2561 37.2505 37.3504 38.0908
01 ต.ค. 2561 36.9325 37.0423 37.7945
02 ต.ค. 2561 36.9162 37.0104 37.7483
03 ต.ค. 2561 36.9165 37.0185 37.7641
04 ต.ค. 2561 36.9139 37.0202 37.7579
05 ต.ค. 2561 37.2311 37.3324 38.0682
08 ต.ค. 2561 37.3762 37.4808 38.2245
09 ต.ค. 2561 37.3186 37.4195 38.1667
10 ต.ค. 2561 37.3465 37.4550 38.1863
11 ต.ค. 2561 37.5581 37.6556 38.3647
12 ต.ค. 2561 37.4444 37.5486 38.2642
16 ต.ค. 2561 37.3103 37.4184 38.1696
17 ต.ค. 2561 37.1808 37.2781 38.0120
18 ต.ค. 2561 36.9948 37.0994 37.8173
19 ต.ค. 2561 36.9014 37.0064 37.7275
22 ต.ค. 2561 37.0492 37.1562 37.8871
24 ต.ค. 2561 37.1120 37.2168 37.9722
25 ต.ค. 2561 37.0592 37.1718 37.9120
26 ต.ค. 2561 37.0356 37.1319 37.8782
29 ต.ค. 2561 37.2417 37.3418 38.0860
30 ต.ค. 2561 37.3538 37.4599 38.2221
31 ต.ค. 2561 37.2483 37.3472 38.1104
01 พ.ย. 2561 36.9871 37.0862 37.8048
02 พ.ย. 2561 37.0649 37.1678 37.8914
05 พ.ย. 2561 36.9893 37.0888 37.8173
06 พ.ย. 2561 37.1112 37.2178 37.9461
07 พ.ย. 2561 37.1805 37.2774 37.9997
08 พ.ย. 2561 37.0639 37.1637 37.8977
09 พ.ย. 2561 37.0138 37.1145 37.8610
12 พ.ย. 2561 36.9599 37.0664 37.8049
13 พ.ย. 2561 36.6305 36.7331 37.4789
14 พ.ย. 2561 36.7098 36.8036 37.5310
15 พ.ย. 2561 36.7729 36.8769 37.6019
16 พ.ย. 2561 36.9206 37.0200 37.7468
19 พ.ย. 2561 37.0755 37.1751 37.9065
20 พ.ย. 2561 37.2185 37.3174 38.0851
21 พ.ย. 2561 37.0568 37.1632 37.9125
22 พ.ย. 2561 37.0128 37.1178 37.8923
23 พ.ย. 2561 37.1289 37.2352 37.9979
26 พ.ย. 2561 36.9625 37.0716 37.8306
27 พ.ย. 2561 36.9470 37.0514 37.7778
28 พ.ย. 2561 36.8189 36.9264 37.6667
29 พ.ย. 2561 36.9239 37.0249 37.7240
30 พ.ย. 2561 37.0125 37.1154 37.8373
03 ธ.ค. 2561 36.7631 36.8612 37.5894
04 ธ.ค. 2561 36.7116 36.8124 37.5495
06 ธ.ค. 2561 36.7450 36.8462 37.5662
07 ธ.ค. 2561 36.8510 36.9509 37.6648
11 ธ.ค. 2561 36.8161 36.9262 37.6528
12 ธ.ค. 2561 36.6312 36.7318 37.4722
13 ธ.ค. 2561 36.6882 36.7990 37.5310
14 ธ.ค. 2561 36.7155 36.8184 37.5519
17 ธ.ค. 2561 36.5887 36.6878 37.4263
18 ธ.ค. 2561 36.6617 36.7652 37.5007
19 ธ.ค. 2561 36.7342 36.8426 37.5531
20 ธ.ค. 2561 36.7966 36.9018 37.6423
21 ธ.ค. 2561 36.9028 37.0018 37.7243
24 ธ.ค. 2561 36.6437 36.7457 37.5018
25 ธ.ค. 2561 36.6517 36.7628 37.5283
26 ธ.ค. 2561 36.6666 36.7719 37.5208
27 ธ.ค. 2561 36.5552 36.6592 37.4043
28 ธ.ค. 2561 36.6577 36.7620 37.4884
02 ม.ค. 2562 36.6181 36.7177 37.4347
03 ม.ค. 2562 36.1073 36.2064 36.9548
04 ม.ค. 2562 36.0958 36.1959 36.9130
07 ม.ค. 2562 35.9878 36.0915 36.8245
08 ม.ค. 2562 36.1651 36.2656 36.9914
09 ม.ค. 2562 36.2143 36.3244 37.0268
10 ม.ค. 2562 36.3923 36.4961 37.2174
11 ม.ค. 2562 36.2826 36.3911 37.1006
14 ม.ค. 2562 36.1232 36.2327 36.9677
15 ม.ค. 2562 36.1175 36.2316 36.9457
16 ม.ค. 2562 35.8459 35.9441 36.6391
17 ม.ค. 2562 35.5645 35.6652 36.3576
18 ม.ค. 2562 35.6315 35.7318 36.4442
21 ม.ค. 2562 35.6324 35.7421 36.4453
22 ม.ค. 2562 35.6603 35.7709 36.4619
23 ม.ค. 2562 35.5986 35.7078 36.4075
24 ม.ค. 2562 35.6101 35.7233 36.4195
25 ม.ค. 2562 35.3778 35.4886 36.1868
28 ม.ค. 2562 35.4523 35.5645 36.2628
29 ม.ค. 2562 35.5791 35.6881 36.3943
30 ม.ค. 2562 35.5058 35.6160 36.3273
31 ม.ค. 2562 35.4411 35.5521 36.2590
01 ก.พ. 2562 35.3740 35.4795 36.1677
04 ก.พ. 2562 35.3736 35.4862 36.2097
05 ก.พ. 2562 35.3143 35.4245 36.1472
06 ก.พ. 2562 35.1452 35.2530 35.9627
07 ก.พ. 2562 35.0498 35.1594 35.8348
08 ก.พ. 2562 35.0441 35.1569 35.8627
11 ก.พ. 2562 35.0960 35.2057 35.9062
12 ก.พ. 2562 34.9313 35.0396 35.7415
13 ก.พ. 2562 34.9562 35.0635 35.7489
14 ก.พ. 2562 34.9082 35.0176 35.7010
15 ก.พ. 2562 34.8551 34.9669 35.6642
18 ก.พ. 2562 34.8423 34.9529 35.6430
20 ก.พ. 2562 34.8240 34.9348 35.6259
21 ก.พ. 2562 34.8434 34.9480 35.6318
22 ก.พ. 2562 34.9787 35.0860 35.7733
25 ก.พ. 2562 35.0356 35.1464 35.8518
26 ก.พ. 2562 35.0341 35.1477 35.8691
27 ก.พ. 2562 35.2473 35.3559 36.0629
28 ก.พ. 2562 35.3305 35.4386 36.1286
01 มี.ค. 2562 35.4858 35.5941 36.2934
04 มี.ค. 2562 35.6518 35.7615 36.4698
05 มี.ค. 2562 35.6473 35.7583 36.4638
06 มี.ค. 2562 35.4869 35.5942 36.2757
07 มี.ค. 2562 35.5724 35.6807 36.3761
08 มี.ค. 2562 35.1703 35.2742 35.9806
11 มี.ค. 2562 35.0952 35.2148 35.9529
12 มี.ค. 2562 35.1733 35.2873 35.9807
13 มี.ค. 2562 35.2481 35.3603 36.0634
14 มี.ค. 2562 35.3496 35.4665 36.1827
15 มี.ค. 2562 35.4436 35.5559 36.2568
18 มี.ค. 2562 35.3841 35.4970 36.1918
19 มี.ค. 2562 35.4142 35.5264 36.2541
20 มี.ค. 2562 35.5092 35.6185 36.3255
21 มี.ค. 2562 35.6728 35.7855 36.5011
22 มี.ค. 2562 35.6037 35.7153 36.4150
25 มี.ค. 2562 35.2202 35.3308 36.0381
26 มี.ค. 2562 35.2288 35.3405 36.0561
27 มี.ค. 2562 35.2291 35.3381 36.0293
28 มี.ค. 2562 35.4035 35.5105 36.1936
29 มี.ค. 2562 35.2573 35.3682 36.0628
01 เม.ย. 2562 35.1053 35.2182 35.9276
02 เม.ย. 2562 35.0608 35.1761 35.9002
03 เม.ย. 2562 35.1369 35.2475 35.9664
04 เม.ย. 2562 35.2291 35.3391 36.0421
05 เม.ย. 2562 35.2765 35.3836 36.0732
09 เม.ย. 2562 35.3980 35.5089 36.2066
10 เม.ย. 2562 35.3370 35.4511 36.1677
11 เม.ย. 2562 35.3383 35.4530 36.1728
12 เม.ย. 2562 35.4264 35.5401 36.2603
17 เม.ย. 2562 35.4558 35.5669 36.2662
18 เม.ย. 2562 35.4428 35.5558 36.2405
19 เม.ย. 2562 35.2743 35.3896 36.0972
22 เม.ย. 2562 35.3372 35.4522 36.1435
23 เม.ย. 2562 35.4039 35.5121 36.2111
24 เม.ย. 2562 35.4171 35.5271 36.2251
25 เม.ย. 2562 35.2622 35.3796 36.0788
26 เม.ย. 2562 35.1678 35.2811 35.9880
29 เม.ย. 2562 35.1098 35.2180 35.9004
30 เม.ย. 2562 35.2471 35.3573 36.0522
02 พ.ค. 2562 35.3385 35.4476 36.1407
03 พ.ค. 2562 35.3079 35.4225 36.1289
07 พ.ค. 2562 35.2586 35.3735 36.0830
08 พ.ค. 2562 35.1918 35.2989 35.9920
09 พ.ค. 2562 35.1270 35.2361 35.9206
10 พ.ค. 2562 35.0831 35.1936 35.8939
13 พ.ค. 2562 35.0689 35.1779 35.8525
14 พ.ค. 2562 34.9831 35.0898 35.7950
15 พ.ค. 2562 34.8809 34.9903 35.6986
16 พ.ค. 2562 34.8645 34.9735 35.6900
17 พ.ค. 2562 34.9486 35.0608 35.7740
21 พ.ค. 2562 35.0768 35.1897 35.8899
22 พ.ค. 2562 35.2268 35.3333 36.0089
23 พ.ค. 2562 35.1523 35.2655 35.9756
24 พ.ค. 2562 35.1963 35.3025 35.9899
27 พ.ค. 2562 35.1393 35.2531 35.9644
28 พ.ค. 2562 35.1052 35.2152 35.9126
29 พ.ค. 2562 35.0800 35.1923 35.8991
30 พ.ค. 2562 34.9431 35.0570 35.7524
31 พ.ค. 2562 34.8929 35.0010 35.7146
04 มิ.ย. 2562 34.7990 34.9057 35.6039
05 มิ.ย. 2562 34.8892 34.9959 35.6892
06 มิ.ย. 2562 34.7500 34.8667 35.5789
07 มิ.ย. 2562 34.8272 34.9375 35.6500
10 มิ.ย. 2562 34.9689 35.0772 35.7738
11 มิ.ย. 2562 34.9569 35.0690 35.7857
12 มิ.ย. 2562 34.9390 35.0498 35.7579
13 มิ.ย. 2562 34.7950 34.9076 35.6236
14 มิ.ย. 2562 34.7073 34.8187 35.5341
17 มิ.ย. 2562 34.5590 34.6712 35.3974
18 มิ.ย. 2562 34.7231 34.8310 35.5362
19 มิ.ย. 2562 34.5023 34.6170 35.3397
20 มิ.ย. 2562 34.5078 34.6167 35.3258
21 มิ.ย. 2562 34.3715 34.4806 35.1801
24 มิ.ย. 2562 34.5633 34.6736 35.3703
25 มิ.ย. 2562 34.5060 34.6145 35.3230
26 มิ.ย. 2562 34.5317 34.6422 35.3593
27 มิ.ย. 2562 34.4713 34.5840 35.2887
28 มิ.ย. 2562 34.4821 34.5912 35.3056
01 ก.ค. 2562 34.2615 34.3691 35.0732
02 ก.ค. 2562 34.1706 34.2780 34.9976
03 ก.ค. 2562 34.0457 34.1577 34.8686
04 ก.ค. 2562 34.0574 34.1671 34.8779
05 ก.ค. 2562 34.1344 34.2467 34.9508
08 ก.ค. 2562 34.0621 34.1741 34.8909
09 ก.ค. 2562 34.0706 34.1852 34.9099
10 ก.ค. 2562 34.0822 34.1951 34.9013
11 ก.ค. 2562 34.0324 34.1361 34.8248
12 ก.ค. 2562 34.2110 34.3189 35.0076
15 ก.ค. 2562 34.3449 34.4531 35.1612
17 ก.ค. 2562 34.1692 34.2833 34.9973
18 ก.ค. 2562 34.1873 34.2991 35.0162
19 ก.ค. 2562 34.1641 34.2784 34.9929
22 ก.ค. 2562 34.1051 34.2225 34.9411
23 ก.ค. 2562 34.1084 34.2193 34.9151
24 ก.ค. 2562 33.9714 34.0850 34.8049
25 ก.ค. 2562 33.9415 34.0550 34.7635
26 ก.ค. 2562 34.0535 34.1646 34.8642
30 ก.ค. 2562 33.8656 33.9752 34.6748
31 ก.ค. 2562 33.8729 33.9847 34.6843
01 ส.ค. 2562 33.5904 33.7071 34.4222
02 ส.ค. 2562 33.7601 33.8706 34.5645
05 ส.ค. 2562 33.7901 33.9046 34.6317
06 ส.ค. 2562 34.0786 34.1902 34.9156
07 ส.ค. 2562 34.0309 34.1282 34.8186
08 ส.ค. 2562 33.9840 34.0972 34.8229
09 ส.ค. 2562 33.9312 34.0403 34.7361
13 ส.ค. 2562 34.0035 34.1153 34.8390
14 ส.ค. 2562 33.9602 34.0711 34.7703
15 ส.ค. 2562 33.8866 33.9985 34.7248
16 ส.ค. 2562 33.7906 33.9012 34.6237
19 ส.ค. 2562 33.7304 33.8458 34.5726
20 ส.ค. 2562 33.6734 33.7928 34.5216
21 ส.ค. 2562 33.7002 33.8104 34.5030
22 ส.ค. 2562 33.6320 33.7459 34.4684
23 ส.ค. 2562 33.6121 33.7205 34.4216
26 ส.ค. 2562 33.6404 33.7504 34.4747
27 ส.ค. 2562 33.4818 33.5872 34.2874
28 ส.ค. 2562 33.5215 33.6281 34.3140
29 ส.ค. 2562 33.4643 33.5794 34.2856
30 ส.ค. 2562 33.3919 33.5017 34.1990
02 ก.ย. 2562 33.1878 33.2988 33.9905
03 ก.ย. 2562 33.0790 33.1882 33.8625
04 ก.ย. 2562 33.1186 33.2309 33.9329
05 ก.ย. 2562 33.2508 33.3563 34.0323
06 ก.ย. 2562 33.3559 33.4679 34.1687
09 ก.ย. 2562 33.3251 33.4358 34.1311
10 ก.ย. 2562 33.3881 33.4991 34.1770
11 ก.ย. 2562 33.3575 33.4693 34.1659
12 ก.ย. 2562 33.1501 33.2494 33.9153
13 ก.ย. 2562 33.2106 33.3207 34.0172
16 ก.ย. 2562 33.3030 33.4160 34.1295
17 ก.ย. 2562 33.1452 33.2619 33.9881
18 ก.ย. 2562 33.3165 33.4254 34.1194
19 ก.ย. 2562 33.2420 33.3455 34.0611
20 ก.ย. 2562 33.2539 33.3568 34.0576
23 ก.ย. 2562 33.1158 33.2234 33.9135
24 ก.ย. 2562 33.0343 33.1446 33.8704
25 ก.ย. 2562 33.1744 33.2799 33.9744
26 ก.ย. 2562 33.0444 33.1579 33.8635
27 ก.ย. 2562 32.9541 33.0686 33.8033
30 ก.ย. 2562 32.9490 33.0624 33.7905
01 ต.ค. 2562 32.8352 32.9464 33.6745
02 ต.ค. 2562 33.0179 33.1281 33.8439
03 ต.ค. 2562 33.0615 33.1694 33.8780
04 ต.ค. 2562 32.9997 33.1108 33.8212
07 ต.ค. 2562 32.9594 33.0687 33.7829
08 ต.ค. 2562 32.9382 33.0509 33.7740
09 ต.ค. 2562 32.8034 32.9134 33.6199
10 ต.ค. 2562 32.8124 32.9195 33.6444
11 ต.ค. 2562 33.0246 33.1355 33.8406
15 ต.ค. 2562 33.0310 33.1421 33.8591
16 ต.ค. 2562 33.0541 33.1659 33.8846
17 ต.ค. 2562 33.1568 33.2648 33.9666
18 ต.ค. 2562 33.2028 33.3196 34.0458
21 ต.ค. 2562 33.3010 33.4124 34.1105
22 ต.ค. 2562 33.2876 33.3975 34.1107
24 ต.ค. 2562 33.2188 33.3336 34.0621
25 ต.ค. 2562 33.0972 33.2092 33.9228
28 ต.ค. 2562 32.9875 33.1043 33.8184
29 ต.ค. 2562 33.0572 33.1657 33.8739
30 ต.ค. 2562 33.0783 33.1966 33.9222
31 ต.ค. 2562 33.2212 33.3282 34.0302
01 พ.ย. 2562 33.1827 33.2979 34.0086
04 พ.ย. 2562 33.1962 33.3083 34.0145
05 พ.ย. 2562 33.1255 33.2422 33.9560
06 พ.ย. 2562 33.0109 33.1291 33.8596
07 พ.ย. 2562 33.0570 33.1660 33.8796
08 พ.ย. 2562 33.1208 33.2320 33.9533
11 พ.ย. 2562 32.9724 33.0863 33.7917
12 พ.ย. 2562 32.9814 33.0921 33.8077
13 พ.ย. 2562 32.8982 33.0064 33.7183
14 พ.ย. 2562 32.7838 32.8910 33.5971
15 พ.ย. 2562 32.8120 32.9208 33.6364
18 พ.ย. 2562 32.9550 33.0675 33.7914
19 พ.ย. 2562 32.9383 33.0504 33.7531
20 พ.ย. 2562 32.9491 33.0571 33.7609
21 พ.ย. 2562 32.9559 33.0672 33.7772
22 พ.ย. 2562 32.9398 33.0545 33.7752
25 พ.ย. 2562 32.8261 32.9320 33.6395
26 พ.ย. 2562 32.8094 32.9174 33.6288
27 พ.ย. 2562 32.8104 32.9243 33.6494
28 พ.ย. 2562 32.8000 32.9148 33.6326
29 พ.ย. 2562 32.7939 32.9090 33.6333