03 ธ.ค. 2555 30.4487 30.5454 30.8229
04 ธ.ค. 2555 30.4119 30.5104 30.7873
06 ธ.ค. 2555 30.4381 30.5365 30.8291
07 ธ.ค. 2555 30.4262 30.5244 30.8049
11 ธ.ค. 2555 30.3998 30.4993 30.7743
12 ธ.ค. 2555 30.3780 30.4763 30.7685
13 ธ.ค. 2555 30.3971 30.4967 30.7763
14 ธ.ค. 2555 30.4047 30.5032 30.7923
17 ธ.ค. 2555 30.3490 30.4474 30.7321
18 ธ.ค. 2555 30.3354 30.4337 30.7195
19 ธ.ค. 2555 30.3633 30.4616 30.7416
20 ธ.ค. 2555 30.3836 30.4821 30.7649
21 ธ.ค. 2555 30.4042 30.5026 30.7830
24 ธ.ค. 2555 30.3929 30.4924 30.7671
25 ธ.ค. 2555 30.3846 30.4828 30.7754
26 ธ.ค. 2555 30.3944 30.4927 30.7846
27 ธ.ค. 2555 30.4148 30.5131 30.8052
28 ธ.ค. 2555 30.3873 30.4857 30.7775
02 ม.ค. 2556 30.2526 30.3504 30.6212
03 ม.ค. 2556 30.1300 30.2286 30.5096
04 ม.ค. 2556 30.1958 30.2937 30.5744
07 ม.ค. 2556 30.2060 30.3046 30.5927
08 ม.ค. 2556 30.1938 30.2923 30.5806
09 ม.ค. 2556 30.1821 30.2817 30.5525
10 ม.ค. 2556 30.1569 30.2544 30.5354
11 ม.ค. 2556 30.0258 30.1238 30.3992
14 ม.ค. 2556 30.0418 30.1394 30.4218
15 ม.ค. 2556 29.8638 29.9618 30.2383
16 ม.ค. 2556 29.7022 29.7985 30.0649
17 ม.ค. 2556 29.5575 29.6589 29.9342
18 ม.ค. 2556 29.5408 29.6397 29.9226
21 ม.ค. 2556 29.4755 29.5745 29.8548
22 ม.ค. 2556 29.5461 29.6449 29.9178
23 ม.ค. 2556 29.5361 29.6342 29.9092
24 ม.ค. 2556 29.5840 29.6843 29.9659
25 ม.ค. 2556 29.6347 29.7327 30.0034
28 ม.ค. 2556 29.7181 29.8158 30.0911
29 ม.ค. 2556 29.6167 29.7144 29.9998
30 ม.ค. 2556 29.5417 29.6391 29.9187
31 ม.ค. 2556 29.5352 29.6340 29.9118
01 ก.พ. 2556 29.6311 29.7305 30.0005
04 ก.พ. 2556 29.5260 29.6244 29.8944
05 ก.พ. 2556 29.5095 29.6082 29.8839
06 ก.พ. 2556 29.5228 29.6215 29.9024
07 ก.พ. 2556 29.5481 29.6464 29.9326
08 ก.พ. 2556 29.5582 29.6558 29.9352
11 ก.พ. 2556 29.5525 29.6510 29.9327
12 ก.พ. 2556 29.6441 29.7441 30.0312
13 ก.พ. 2556 29.5578 29.6562 29.9462
14 ก.พ. 2556 29.5589 29.6558 29.9380
15 ก.พ. 2556 29.6026 29.7022 29.9788
18 ก.พ. 2556 29.6529 29.7513 30.0344
19 ก.พ. 2556 29.6421 29.7405 30.0283
20 ก.พ. 2556 29.6029 29.7006 29.9790
21 ก.พ. 2556 29.6384 29.7371 30.0104
22 ก.พ. 2556 29.5951 29.6938 29.9738
26 ก.พ. 2556 29.6138 29.7127 29.9948
27 ก.พ. 2556 29.5776 29.6764 29.9647
28 ก.พ. 2556 29.5648 29.6636 29.9455
01 มี.ค. 2556 29.5163 29.6148 29.8917
04 มี.ค. 2556 29.5716 29.6704 29.9507
05 มี.ค. 2556 29.5567 29.6553 29.9439
06 มี.ค. 2556 29.5002 29.5989 29.8841
07 มี.ค. 2556 29.5352 29.6341 29.9069
08 มี.ค. 2556 29.5022 29.6007 29.8858
11 มี.ค. 2556 29.5223 29.6208 29.8981
12 มี.ค. 2556 29.3897 29.4878 29.7608
13 มี.ค. 2556 29.3718 29.4702 29.7549
14 มี.ค. 2556 29.3917 29.4894 29.7727
15 มี.ค. 2556 29.3344 29.4331 29.7238
18 มี.ค. 2556 29.3358 29.4344 29.7235
19 มี.ค. 2556 29.1323 29.2311 29.5128
20 มี.ค. 2556 28.9727 29.0706 29.3416
21 มี.ค. 2556 28.9409 29.0387 29.3087
22 มี.ค. 2556 29.0034 29.1013 29.3723
25 มี.ค. 2556 29.0089 29.1067 29.3822
26 มี.ค. 2556 29.1025 29.2002 29.4798
27 มี.ค. 2556 29.0886 29.1868 29.4664
28 มี.ค. 2556 29.0044 29.1028 29.3832
29 มี.ค. 2556 29.0706 29.1693 29.4476
01 เม.ย. 2556 29.0515 29.1492 29.4323
02 เม.ย. 2556 29.0936 29.1906 29.4608
03 เม.ย. 2556 29.1922 29.2911 29.5617
04 เม.ย. 2556 29.1401 29.2388 29.5131
05 เม.ย. 2556 29.0418 29.1406 29.4229
09 เม.ย. 2556 28.8178 28.9135 29.1946
10 เม.ย. 2556 28.7185 28.8174 29.0913
11 เม.ย. 2556 28.7956 28.8946 29.1684
12 เม.ย. 2556 28.8107 28.9091 29.1911
17 เม.ย. 2556 28.6929 28.7917 29.0710
18 เม.ย. 2556 28.5793 28.6790 28.9546
19 เม.ย. 2556 28.4541 28.5528 28.8420
22 เม.ย. 2556 28.3951 28.4926 28.7656
23 เม.ย. 2556 28.5428 28.6422 28.9185
24 เม.ย. 2556 28.6064 28.7053 28.9831
25 เม.ย. 2556 28.7549 28.8453 29.1363
26 เม.ย. 2556 29.0530 29.1516 29.4255
29 เม.ย. 2556 29.0037 29.1021 29.3709
30 เม.ย. 2556 29.0805 29.1796 29.4578
02 พ.ค. 2556 29.1646 29.2621 29.5363
03 พ.ค. 2556 29.3714 29.4707 29.7440
07 พ.ค. 2556 29.3931 29.4922 29.7635
08 พ.ค. 2556 29.3348 29.4337 29.7092
09 พ.ค. 2556 29.2014 29.2989 29.5764
10 พ.ค. 2556 29.4167 29.5157 29.7912
13 พ.ค. 2556 29.5345 29.6331 29.9018
14 พ.ค. 2556 29.3750 29.4735 29.7498
15 พ.ค. 2556 29.5003 29.5999 29.8688
16 พ.ค. 2556 29.4458 29.5442 29.8170
17 พ.ค. 2556 29.5597 29.6578 29.9305
20 พ.ค. 2556 29.6353 29.7341 30.0107
21 พ.ค. 2556 29.5135 29.6125 29.8852
22 พ.ค. 2556 29.5493 29.6477 29.9282
23 พ.ค. 2556 29.7381 29.8373 30.1109
27 พ.ค. 2556 29.6809 29.7796 30.0591
28 พ.ค. 2556 29.6960 29.7950 30.0729
29 พ.ค. 2556 29.9093 30.0083 30.2785
30 พ.ค. 2556 29.9544 30.0527 30.3321
31 พ.ค. 2556 29.9135 30.0123 30.2947
03 มิ.ย. 2556 30.1858 30.2849 30.5595
04 มิ.ย. 2556 30.1675 30.2659 30.5441
05 มิ.ย. 2556 30.2752 30.3743 30.6471
06 มิ.ย. 2556 30.3314 30.4293 30.7051
07 มิ.ย. 2556 30.3851 30.4842 30.7557
10 มิ.ย. 2556 30.4529 30.5517 30.8283
11 มิ.ย. 2556 30.6427 30.7420 31.0145
12 มิ.ย. 2556 30.8180 30.9157 31.1908
13 มิ.ย. 2556 30.7719 30.8710 31.1453
14 มิ.ย. 2556 30.3377 30.4325 30.7142
17 มิ.ย. 2556 30.3901 30.4891 30.7604
18 มิ.ย. 2556 30.5125 30.6115 30.8911
19 มิ.ย. 2556 30.6535 30.7427 31.0841
20 มิ.ย. 2556 30.7434 30.8429 31.1167
21 มิ.ย. 2556 30.9397 31.0383 31.3180
24 มิ.ย. 2556 30.8741 30.9732 31.2574
25 มิ.ย. 2556 30.7497 30.8491 31.1223
26 มิ.ย. 2556 30.8176 30.9159 31.1932
27 มิ.ย. 2556 30.8604 30.9594 31.2421
28 มิ.ย. 2556 30.8876 30.9867 31.2675
02 ก.ค. 2556 30.7002 30.7991 31.0748
03 ก.ค. 2556 30.7974 30.8961 31.1700
04 ก.ค. 2556 30.8392 30.9378 31.2129
05 ก.ค. 2556 30.8939 30.9927 31.2643
08 ก.ค. 2556 31.1809 31.2801 31.5498
09 ก.ค. 2556 31.1423 31.2413 31.5151
10 ก.ค. 2556 31.0161 31.1139 31.3843
11 ก.ค. 2556 30.8354 30.9351 31.2166
12 ก.ค. 2556 30.8773 30.9763 31.2467
15 ก.ค. 2556 30.9298 31.0287 31.3079
16 ก.ค. 2556 30.8558 30.9549 31.2268
17 ก.ค. 2556 30.8229 30.9217 31.1981
18 ก.ค. 2556 30.7800 30.8791 31.1477
19 ก.ค. 2556 30.8814 30.9803 31.2609
23 ก.ค. 2556 30.6806 30.7794 31.0549
24 ก.ค. 2556 30.6748 30.7738 31.0497
25 ก.ค. 2556 30.8361 30.9348 31.2163
26 ก.ค. 2556 30.8640 30.9631 31.2356
29 ก.ค. 2556 30.9269 31.0251 31.3003
30 ก.ค. 2556 31.0096 31.1078 31.3875
31 ก.ค. 2556 31.1120 31.2106 31.4894
01 ส.ค. 2556 31.0353 31.1325 31.4033
02 ส.ค. 2556 31.1513 31.2509 31.5276
05 ส.ค. 2556 31.0767 31.1771 31.4535
06 ส.ค. 2556 31.1432 31.2420 31.5282
07 ส.ค. 2556 31.2050 31.3039 31.5772
08 ส.ค. 2556 31.0881 31.1872 31.4617
09 ส.ค. 2556 30.9783 31.0780 31.3481
13 ส.ค. 2556 31.0225 31.1205 31.3954
14 ส.ค. 2556 31.0700 31.1686 31.4461
15 ส.ค. 2556 31.0054 31.1040 31.3840
16 ส.ค. 2556 31.0366 31.1352 31.4138
19 ส.ค. 2556 31.0829 31.1816 31.4595
20 ส.ค. 2556 31.3762 31.4764 31.7499
21 ส.ค. 2556 31.5134 31.6119 31.8814
22 ส.ค. 2556 31.8493 31.9479 32.2207
23 ส.ค. 2556 31.7317 31.8302 32.1037
26 ส.ค. 2556 31.6858 31.7836 32.0604
27 ส.ค. 2556 31.8681 31.9678 32.2451
28 ส.ค. 2556 31.9690 32.0690 32.3382
29 ส.ค. 2556 31.9474 32.0447 32.3132
30 ส.ค. 2556 31.8408 31.9388 32.2155
02 ก.ย. 2556 31.8845 31.9836 32.2600
03 ก.ย. 2556 31.7819 31.8814 32.1532
04 ก.ย. 2556 31.9685 32.0668 32.3431
05 ก.ย. 2556 31.9383 32.0372 32.3114
06 ก.ย. 2556 32.1461 32.2451 32.5197
09 ก.ย. 2556 32.0624 32.1602 32.4364
10 ก.ย. 2556 31.8620 31.9611 32.2309
11 ก.ย. 2556 31.8942 31.9923 32.2673
12 ก.ย. 2556 31.5142 31.6141 31.8850
13 ก.ย. 2556 31.5861 31.6845 31.9541
16 ก.ย. 2556 31.4371 31.5344 31.8183
17 ก.ย. 2556 31.5702 31.6673 31.9479
18 ก.ย. 2556 31.4698 31.5670 31.8416
19 ก.ย. 2556 30.7860 30.8854 31.1833
20 ก.ย. 2556 30.7962 30.8907 31.1705
23 ก.ย. 2556 30.8637 30.9622 31.2344
24 ก.ย. 2556 31.0615 31.1630 31.4417
25 ก.ย. 2556 31.1563 31.2536 31.5367
26 ก.ย. 2556 31.0161 31.1147 31.3875
27 ก.ย. 2556 30.9953 31.0934 31.3646
30 ก.ย. 2556 31.1499 31.2483 31.5330
01 ต.ค. 2556 30.9525 31.0512 31.3228
02 ต.ค. 2556 31.0476 31.1454 31.4204
03 ต.ค. 2556 30.9509 31.0487 31.3225
04 ต.ค. 2556 31.0644 31.1608 31.4351
07 ต.ค. 2556 31.0846 31.1828 31.4648
08 ต.ค. 2556 31.1405 31.2385 31.5164
09 ต.ค. 2556 31.1703 31.2674 31.5464
10 ต.ค. 2556 31.2363 31.3340 31.6036
11 ต.ค. 2556 31.0967 31.1947 31.4698
14 ต.ค. 2556 31.0972 31.1949 31.4695
15 ต.ค. 2556 31.0538 31.1445 31.4125
16 ต.ค. 2556 31.0332 31.1296 31.4092
17 ต.ค. 2556 30.8829 30.9801 31.2548
18 ต.ค. 2556 30.7919 30.8925 31.1737
21 ต.ค. 2556 30.8592 30.9572 31.2342
22 ต.ค. 2556 30.9050 31.0026 31.2890
24 ต.ค. 2556 30.9170 31.0151 31.2937
25 ต.ค. 2556 30.8909 30.9887 31.2678
28 ต.ค. 2556 30.8309 30.9252 31.2067
29 ต.ค. 2556 30.8484 30.9453 31.2205
30 ต.ค. 2556 30.8368 30.9344 31.2182
31 ต.ค. 2556 30.8530 30.9492 31.2264
01 พ.ย. 2556 30.9435 31.0431 31.3270
04 พ.ย. 2556 31.0303 31.1284 31.4031
05 พ.ย. 2556 31.0659 31.1629 31.4457
06 พ.ย. 2556 31.0591 31.1575 31.4375
07 พ.ย. 2556 31.0380 31.1338 31.4145
08 พ.ย. 2556 31.1191 31.2163 31.4907
11 พ.ย. 2556 31.3937 31.4921 31.7659
12 พ.ย. 2556 31.3652 31.4628 31.7361
13 พ.ย. 2556 31.3451 31.4419 31.7235
14 พ.ย. 2556 31.2480 31.3452 31.6192
15 พ.ย. 2556 31.3328 31.4292 31.7055
18 พ.ย. 2556 31.3470 31.4438 31.7177
19 พ.ย. 2556 31.3435 31.4400 31.7198
20 พ.ย. 2556 31.4321 31.5284 31.8043
21 พ.ย. 2556 31.5457 31.6426 31.9209
22 พ.ย. 2556 31.5691 31.6656 31.9402
25 พ.ย. 2556 31.6886 31.7846 32.0604
26 พ.ย. 2556 31.8037 31.9013 32.1777
27 พ.ย. 2556 31.8310 31.9282 32.2064
28 พ.ย. 2556 31.9300 32.0273 32.3081
29 พ.ย. 2556 31.8594 31.9583 32.2395
02 ธ.ค. 2556 31.9691 32.0659 32.3411
03 ธ.ค. 2556 31.9491 32.0468 32.3220
04 ธ.ค. 2556 31.9328 32.0318 32.3052
06 ธ.ค. 2556 32.0611 32.1589 32.4285
09 ธ.ค. 2556 31.9112 32.0113 32.2901
11 ธ.ค. 2556 31.7782 31.8766 32.1382
12 ธ.ค. 2556 31.8870 31.9844 32.2563
13 ธ.ค. 2556 31.8587 31.9570 32.2317
16 ธ.ค. 2556 31.7886 31.8873 32.1614
17 ธ.ค. 2556 31.8002 31.8991 32.1715
18 ธ.ค. 2556 31.9755 32.0743 32.3445
19 ธ.ค. 2556 32.1300 32.2291 32.5013
20 ธ.ค. 2556 32.2841 32.3828 32.6650
23 ธ.ค. 2556 32.4788 32.5770 32.8441
24 ธ.ค. 2556 32.5288 32.6278 32.9028
25 ธ.ค. 2556 32.4900 32.5869 32.8675
26 ธ.ค. 2556 32.5613 32.6591 32.9275
27 ธ.ค. 2556 32.5795 32.6778 32.9494
02 ม.ค. 2557 32.6672 32.7647 33.0443
03 ม.ค. 2557 32.7700 32.8681 33.1435
06 ม.ค. 2557 32.8542 32.9523 33.2260
07 ม.ค. 2557 32.8612 32.9588 33.2380
08 ม.ค. 2557 32.8211 32.9179 33.1971
09 ม.ค. 2557 32.7856 32.8853 33.1501
10 ม.ค. 2557 32.7823 32.8791 33.1547
13 ม.ค. 2557 32.7925 32.8904 33.1627
14 ม.ค. 2557 32.6633 32.7627 33.0375
15 ม.ค. 2557 32.5901 32.6867 32.9575
16 ม.ค. 2557 32.6709 32.7685 33.0444
17 ม.ค. 2557 32.5170 32.6152 32.8867
20 ม.ค. 2557 32.6561 32.7514 33.0318
21 ม.ค. 2557 32.5873 32.6816 32.9730
22 ม.ค. 2557 32.6365 32.7337 33.0135
23 ม.ค. 2557 32.7175 32.8147 33.0935
24 ม.ค. 2557 32.6148 32.7116 33.0016
27 ม.ค. 2557 32.6626 32.7592 33.0398
28 ม.ค. 2557 32.6542 32.7506 33.0308
29 ม.ค. 2557 32.6590 32.7547 33.0363
30 ม.ค. 2557 32.7522 32.8466 33.1198
31 ม.ค. 2557 32.7564 32.8536 33.1413
03 ก.พ. 2557 32.6822 32.7808 33.0539
04 ก.พ. 2557 32.6471 32.7453 33.0134
05 ก.พ. 2557 32.5434 32.6389 32.9223
06 ก.พ. 2557 32.5531 32.6506 32.9240
07 ก.พ. 2557 32.5838 32.6806 32.9610
10 ก.พ. 2557 32.5458 32.6436 32.9224
11 ก.พ. 2557 32.5602 32.6567 32.9369
12 ก.พ. 2557 32.4417 32.5398 32.8153
13 ก.พ. 2557 32.3252 32.4234 32.6955
17 ก.พ. 2557 32.0879 32.1871 32.4636
18 ก.พ. 2557 32.1705 32.2677 32.5449
19 ก.พ. 2557 32.3557 32.4534 32.7294
20 ก.พ. 2557 32.3783 32.4761 32.7536
21 ก.พ. 2557 32.3121 32.4084 32.6842
24 ก.พ. 2557 32.3698 32.4678 32.7454
25 ก.พ. 2557 32.2756 32.3729 32.6487
26 ก.พ. 2557 32.3360 32.4330 32.7057
27 ก.พ. 2557 32.3522 32.4482 32.7357
28 ก.พ. 2557 32.3880 32.4831 32.7528
03 มี.ค. 2557 32.3511 32.4482 32.7237
04 มี.ค. 2557 32.3036 32.4009 32.6757
05 มี.ค. 2557 32.1486 32.2439 32.5309
06 มี.ค. 2557 32.0695 32.1652 32.4357
07 มี.ค. 2557 32.0327 32.1294 32.4092
10 มี.ค. 2557 32.1647 32.2611 32.5387
11 มี.ค. 2557 32.1072 32.2048 32.4769
12 มี.ค. 2557 32.1514 32.2491 32.5204
13 มี.ค. 2557 32.1430 32.2408 32.5130
14 มี.ค. 2557 32.0946 32.1902 32.4715
17 มี.ค. 2557 32.0324 32.1286 32.4069
18 มี.ค. 2557 31.9313 32.0290 32.3027
19 มี.ค. 2557 31.8850 31.9827 32.2637
20 มี.ค. 2557 32.1048 32.2025 32.4800
21 มี.ค. 2557 32.1698 32.2660 32.5433
24 มี.ค. 2557 32.2042 32.2998 32.5748
25 มี.ค. 2557 32.2633 32.3618 32.6345
26 มี.ค. 2557 32.3583 32.4542 32.7358
27 มี.ค. 2557 32.3190 32.4153 32.7055
28 มี.ค. 2557 32.2908 32.3867 32.6618
31 มี.ค. 2557 32.2082 32.3050 32.5814
01 เม.ย. 2557 32.1689 32.2660 32.5384
02 เม.ย. 2557 32.1411 32.2374 32.5138
03 เม.ย. 2557 32.2363 32.3330 32.6104
04 เม.ย. 2557 32.2983 32.3945 32.6713
08 เม.ย. 2557 32.1900 32.2879 32.5621
09 เม.ย. 2557 31.9804 32.0768 32.3516
10 เม.ย. 2557 31.9611 32.0577 32.3274
11 เม.ย. 2557 32.0728 32.1741 32.4578
16 เม.ย. 2557 32.0706 32.1633 32.4378
17 เม.ย. 2557 31.9724 32.0696 32.3517
18 เม.ย. 2557 31.9557 32.0506 32.3343
21 เม.ย. 2557 31.9622 32.0594 32.3406
22 เม.ย. 2557 32.0578 32.1539 32.4329
23 เม.ย. 2557 32.1412 32.2388 32.5092
24 เม.ย. 2557 32.0940 32.1913 32.4764
25 เม.ย. 2557 32.1330 32.2289 32.5022
28 เม.ย. 2557 32.0148 32.1121 32.3911
29 เม.ย. 2557 32.0410 32.1367 32.4214
30 เม.ย. 2557 32.0669 32.1649 32.4417
02 พ.ค. 2557 32.1527 32.2522 32.5407
06 พ.ค. 2557 32.1424 32.2396 32.5124
07 พ.ค. 2557 32.1435 32.2363 32.5163
08 พ.ค. 2557 32.2069 32.3043 32.5779
09 พ.ค. 2557 32.3125 32.4097 32.6839
12 พ.ค. 2557 32.4028 32.4998 32.7740
14 พ.ค. 2557 32.2775 32.3749 32.6430
15 พ.ค. 2557 32.1898 32.2861 32.5592
16 พ.ค. 2557 32.2490 32.3465 32.6211
19 พ.ค. 2557 32.2578 32.3553 32.6291
20 พ.ค. 2557 32.2983 32.3958 32.6739
21 พ.ค. 2557 32.2906 32.3882 32.6694
22 พ.ค. 2557 32.1908 32.2883 32.5637
23 พ.ค. 2557 32.2778 32.3756 32.6444
26 พ.ค. 2557 32.3565 32.4522 32.7357
27 พ.ค. 2557 32.3455 32.4426 32.7205
28 พ.ค. 2557 32.4172 32.5143 32.7851
29 พ.ค. 2557 32.4790 32.5752 32.8526
30 พ.ค. 2557 32.5545 32.6513 32.9310
02 มิ.ย. 2557 32.6279 32.7242 33.0031
03 มิ.ย. 2557 32.5137 32.6086 32.8797
04 มิ.ย. 2557 32.4401 32.5358 32.8124
05 มิ.ย. 2557 32.4517 32.5441 32.8248
06 มิ.ย. 2557 32.3558 32.4471 32.7281
09 มิ.ย. 2557 32.2172 32.3100 32.5918
10 มิ.ย. 2557 32.2245 32.3177 32.5993
11 มิ.ย. 2557 32.2400 32.3331 32.6113
12 มิ.ย. 2557 32.2447 32.3385 32.6184
13 มิ.ย. 2557 32.1795 32.2703 32.5668
16 มิ.ย. 2557 32.1415 32.2343 32.5148
17 มิ.ย. 2557 32.1807 32.2747 32.5496
18 มิ.ย. 2557 32.2589 32.3511 32.6393
19 มิ.ย. 2557 32.1758 32.2702 32.5545
20 มิ.ย. 2557 32.2232 32.3150 32.6130
23 มิ.ย. 2557 32.2105 32.3051 32.5773
24 มิ.ย. 2557 32.2108 32.3036 32.5888
25 มิ.ย. 2557 32.2274 32.3191 32.6100
26 มิ.ย. 2557 32.2189 32.3113 32.5993
27 มิ.ย. 2557 32.2443 32.3366 32.6246
30 มิ.ย. 2557 32.2196 32.3114 32.5986
02 ก.ค. 2557 32.1589 32.2507 32.5339
03 ก.ค. 2557 32.1490 32.2412 32.5227
04 ก.ค. 2557 32.1678 32.2615 32.5430
07 ก.ค. 2557 32.1532 32.2443 32.5312
08 ก.ค. 2557 32.1590 32.2514 32.5321
09 ก.ค. 2557 32.1040 32.1965 32.4766
10 ก.ค. 2557 31.9237 32.0182 32.2907
14 ก.ค. 2557 31.9124 32.0057 32.2907
15 ก.ค. 2557 31.9235 32.0168 32.3002
16 ก.ค. 2557 31.9324 32.0266 32.3036
17 ก.ค. 2557 31.9085 32.0025 32.2842
18 ก.ค. 2557 31.9657 32.0595 32.3404
21 ก.ค. 2557 31.8316 31.9234 32.2062
22 ก.ค. 2557 31.6185 31.7115 31.9946
23 ก.ค. 2557 31.5521 31.6446 31.9180
24 ก.ค. 2557 31.5889 31.6821 31.9585
25 ก.ค. 2557 31.6215 31.7136 32.0007
28 ก.ค. 2557 31.5749 31.6665 31.9573
29 ก.ค. 2557 31.5677 31.6598 31.9482
30 ก.ค. 2557 31.6129 31.7066 31.9927
31 ก.ค. 2557 31.7552 31.8487 32.1317
01 ส.ค. 2557 31.9639 32.0558 32.3369
04 ส.ค. 2557 31.9043 31.9960 32.2833
05 ส.ค. 2557 31.8914 31.9853 32.2710
06 ส.ค. 2557 31.9527 32.0468 32.3195
07 ส.ค. 2557 31.9819 32.0739 32.3597
08 ส.ค. 2557 32.0087 32.1007 32.3816
13 ส.ค. 2557 31.7765 31.8595 32.1505
14 ส.ค. 2557 31.6702 31.7608 32.0393
15 ส.ค. 2557 31.6464 31.7385 32.0137
18 ส.ค. 2557 31.6008 31.6955 31.9743
19 ส.ค. 2557 31.6224 31.7101 31.9947
20 ส.ค. 2557 31.6660 31.7566 32.0479
21 ส.ค. 2557 31.8068 31.8954 32.1805
22 ส.ค. 2557 31.6843 31.7736 32.0592
25 ส.ค. 2557 31.7742 31.8651 32.1536
26 ส.ค. 2557 31.6978 31.7832 32.0789
27 ส.ค. 2557 31.6719 31.7643 32.0510
28 ส.ค. 2557 31.6415 31.7304 32.0160
29 ส.ค. 2557 31.7148 31.8081 32.0961
01 ก.ย. 2557 31.7108 31.8028 32.0937
02 ก.ย. 2557 31.7941 31.8868 32.1724
03 ก.ย. 2557 31.8771 31.9658 32.2503
04 ก.ย. 2557 31.7647 31.8583 32.1327
05 ก.ย. 2557 31.8583 31.9506 32.2270
08 ก.ย. 2557 31.7590 31.8516 32.1358
09 ก.ย. 2557 31.8658 31.9609 32.2370
10 ก.ย. 2557 31.8921 31.9829 32.2657
11 ก.ย. 2557 31.9279 32.0148 32.2871
12 ก.ย. 2557 31.9766 32.0702 32.3570
15 ก.ย. 2557 32.0312 32.1234 32.4103
16 ก.ย. 2557 32.0223 32.1161 32.4026
17 ก.ย. 2557 31.9797 32.0722 32.3599
18 ก.ย. 2557 32.0666 32.1614 32.4479
19 ก.ย. 2557 32.0148 32.1057 32.3902
22 ก.ย. 2557 31.9537 32.0403 32.3298
23 ก.ย. 2557 32.0170 32.1086 32.3883
24 ก.ย. 2557 32.0058 32.0942 32.3785
25 ก.ย. 2557 32.0079 32.1017 32.3838
26 ก.ย. 2557 32.0571 32.1523 32.4305
29 ก.ย. 2557 32.1049 32.1913 32.4933
30 ก.ย. 2557 32.1376 32.2304 32.5161
01 ต.ค. 2557 32.2038 32.2966 32.5834
02 ต.ค. 2557 32.1582 32.2527 32.5321
03 ต.ค. 2557 32.2115 32.3031 32.5875
06 ต.ค. 2557 32.3885 32.4767 32.7614
07 ต.ค. 2557 32.3545 32.4477 32.7312
08 ต.ค. 2557 32.3988 32.4853 32.7778
09 ต.ค. 2557 32.2332 32.3246 32.6059
10 ต.ค. 2557 32.1972 32.2833 32.5717
13 ต.ค. 2557 32.1869 32.2683 32.5589
14 ต.ค. 2557 32.1919 32.2799 32.5608
15 ต.ค. 2557 32.2838 32.3776 32.6694
16 ต.ค. 2557 32.1900 32.2832 32.5640
17 ต.ค. 2557 32.1958 32.2849 32.5598
20 ต.ค. 2557 32.1131 32.2012 32.4945
21 ต.ค. 2557 32.0193 32.1123 32.3963
22 ต.ค. 2557 32.0620 32.1551 32.4305
24 ต.ค. 2557 32.1662 32.2542 32.5426
27 ต.ค. 2557 32.1663 32.2593 32.5357
28 ต.ค. 2557 32.1937 32.2845 32.5670
29 ต.ค. 2557 32.2354 32.3242 32.6163
30 ต.ค. 2557 32.3193 32.4117 32.6938
31 ต.ค. 2557 32.2721 32.3688 32.6574
03 พ.ย. 2557 32.3735 32.4618 32.7506
04 พ.ย. 2557 32.4337 32.5213 32.8122
05 พ.ย. 2557 32.4596 32.5445 32.8398
06 พ.ย. 2557 32.5575 32.6443 32.9344
07 พ.ย. 2557 32.6434 32.7383 33.0199
10 พ.ย. 2557 32.5119 32.5964 32.8845
11 พ.ย. 2557 32.5770 32.6676 32.9538
12 พ.ย. 2557 32.6085 32.6888 32.9945
13 พ.ย. 2557 32.5824 32.6663 32.9491
14 พ.ย. 2557 32.5917 32.6813 32.9805
17 พ.ย. 2557 32.5543 32.6470 32.9424
18 พ.ย. 2557 32.5432 32.6327 32.9309
19 พ.ย. 2557 32.5710 32.6640 32.9560
20 พ.ย. 2557 32.6067 32.6982 32.9974
21 พ.ย. 2557 32.5467 32.6414 32.9278
24 พ.ย. 2557 32.5384 32.6294 32.9188
25 พ.ย. 2557 32.5855 32.6770 32.9677
26 พ.ย. 2557 32.5421 32.6319 32.9182
27 พ.ย. 2557 32.5319 32.6214 32.9066
28 พ.ย. 2557 32.5714 32.6628 32.9541
01 ธ.ค. 2557 32.6680 32.7583 33.0467
02 ธ.ค. 2557 32.5613 32.6546 32.9396
03 ธ.ค. 2557 32.6574 32.7442 33.0318
04 ธ.ค. 2557 32.6471 32.7323 33.0365
08 ธ.ค. 2557 32.8178 32.9035 33.1986
09 ธ.ค. 2557 32.7512 32.8458 33.1325
11 ธ.ค. 2557 32.5900 32.6815 32.9651
12 ธ.ค. 2557 32.5648 32.6574 32.9417
15 ธ.ค. 2557 32.5718 32.6631 32.9496
16 ธ.ค. 2557 32.7442 32.8354 33.1217
17 ธ.ค. 2557 32.7677 32.8622 33.1499
18 ธ.ค. 2557 32.7034 32.7963 33.0795
19 ธ.ค. 2557 32.6015 32.6905 32.9784
22 ธ.ค. 2557 32.6192 32.7104 32.9949
23 ธ.ค. 2557 32.6790 32.7684 33.0641
24 ธ.ค. 2557 32.6617 32.7546 33.0415
25 ธ.ค. 2557 32.6499 32.7424 33.0332
26 ธ.ค. 2557 32.6587 32.7513 33.0307
29 ธ.ค. 2557 32.6874 32.7789 33.0689
30 ธ.ค. 2557 32.7241 32.8128 33.1132
05 ม.ค. 2558 32.7715 32.8552 33.1551
06 ม.ค. 2558 32.7176 32.8048 33.1006
07 ม.ค. 2558 32.6457 32.7312 33.0268
08 ม.ค. 2558 32.6488 32.7426 33.0371
09 ม.ค. 2558 32.6179 32.7080 33.0016
12 ม.ค. 2558 32.6072 32.6998 32.9949
13 ม.ค. 2558 32.6107 32.7030 33.0019
14 ม.ค. 2558 32.5667 32.6610 32.9454
15 ม.ค. 2558 32.5148 32.6076 32.8950
16 ม.ค. 2558 32.4415 32.5274 32.8222
19 ม.ค. 2558 32.3089 32.3943 32.6943
20 ม.ค. 2558 32.4679 32.5579 32.8483
21 ม.ค. 2558 32.4513 32.5473 32.8382
22 ม.ค. 2558 32.3447 32.4324 32.7185
23 ม.ค. 2558 32.3489 32.4306 32.7358
26 ม.ค. 2558 32.3292 32.4192 32.7170
27 ม.ค. 2558 32.3382 32.4307 32.7238
28 ม.ค. 2558 32.3691 32.4545 32.7503
29 ม.ค. 2558 32.3786 32.4678 32.7554
30 ม.ค. 2558 32.4830 32.5713 32.8677
02 ก.พ. 2558 32.4001 32.4880 32.7935
03 ก.พ. 2558 32.2982 32.3862 32.6740
04 ก.พ. 2558 32.3610 32.4560 32.7429
05 ก.พ. 2558 32.3671 32.4572 32.7519
06 ก.พ. 2558 32.3264 32.4193 32.7095
09 ก.พ. 2558 32.3810 32.4661 32.7602
10 ก.พ. 2558 32.3468 32.4377 32.7380
11 ก.พ. 2558 32.3931 32.4847 32.7837
12 ก.พ. 2558 32.4392 32.5345 32.8166
13 ก.พ. 2558 32.3817 32.4709 32.7642
16 ก.พ. 2558 32.3555 32.4464 32.7389
17 ก.พ. 2558 32.3536 32.4453 32.7448
18 ก.พ. 2558 32.3374 32.4263 32.7244
19 ก.พ. 2558 32.3241 32.4162 32.7026
20 ก.พ. 2558 32.3188 32.4105 32.7020
23 ก.พ. 2558 32.3102 32.4029 32.6943
24 ก.พ. 2558 32.3326 32.4249 32.7154
25 ก.พ. 2558 32.3189 32.4115 32.7016
26 ก.พ. 2558 32.2343 32.3272 32.6111
27 ก.พ. 2558 32.1373 32.2314 32.5227
02 มี.ค. 2558 32.1368 32.2228 32.5141
03 มี.ค. 2558 32.1124 32.2053 32.5021
05 มี.ค. 2558 32.1632 32.2548 32.5443
06 มี.ค. 2558 32.1830 32.2749 32.5709
09 มี.ค. 2558 32.3287 32.4160 32.7151
10 มี.ค. 2558 32.3816 32.4718 32.7661
11 มี.ค. 2558 32.4657 32.5563 32.8498
12 มี.ค. 2558 32.6328 32.7225 33.0178
13 มี.ค. 2558 32.5815 32.6671 32.9664
16 มี.ค. 2558 32.6698 32.7612 33.0545
17 มี.ค. 2558 32.6804 32.7726 33.0600
18 มี.ค. 2558 32.6619 32.7535 33.0537
19 มี.ค. 2558 32.4809 32.5630 32.8877
20 มี.ค. 2558 32.4792 32.5734 32.8676
23 มี.ค. 2558 32.3395 32.4300 32.7343
24 มี.ค. 2558 32.3011 32.3930 32.6860
25 มี.ค. 2558 32.2971 32.3886 32.6757
26 มี.ค. 2558 32.3269 32.4155 32.7135
27 มี.ค. 2558 32.3375 32.4308 32.7328
30 มี.ค. 2558 32.3696 32.4626 32.7596
31 มี.ค. 2558 32.3153 32.4074 32.7028
01 เม.ย. 2558 32.2746 32.3653 32.6597
02 เม.ย. 2558 32.2084 32.2906 32.6012
03 เม.ย. 2558 32.2364 32.3278 32.6186
07 เม.ย. 2558 32.2444 32.3337 32.6319
08 เม.ย. 2558 32.3173 32.4111 32.7067
09 เม.ย. 2558 32.3258 32.4054 32.7239
10 เม.ย. 2558 32.3067 32.3977 32.7020
16 เม.ย. 2558 32.1832 32.2793 32.5609
17 เม.ย. 2558 32.1561 32.2457 32.5364
20 เม.ย. 2558 32.1216 32.2128 32.5050
21 เม.ย. 2558 32.1797 32.2713 32.5662
22 เม.ย. 2558 32.1383 32.2312 32.5192
23 เม.ย. 2558 32.1647 32.2481 32.5500
24 เม.ย. 2558 32.2213 32.3106 32.6090
27 เม.ย. 2558 32.3490 32.4316 32.7371
28 เม.ย. 2558 32.4042 32.4931 32.7769
29 เม.ย. 2558 32.4402 32.5321 32.8218
30 เม.ย. 2558 32.6289 32.7155 33.0113
06 พ.ค. 2558 33.0051 33.0918 33.4066
07 พ.ค. 2558 33.1309 33.2084 33.5258
08 พ.ค. 2558 33.2763 33.3625 33.6830
11 พ.ค. 2558 33.2766 33.3561 33.7152
12 พ.ค. 2558 33.5370 33.6267 33.9267
13 พ.ค. 2558 33.4422 33.5317 33.8328
14 พ.ค. 2558 33.2146 33.2926 33.6064
15 พ.ค. 2558 33.3183 33.4051 33.6918
18 พ.ค. 2558 33.2316 33.3273 33.6181
19 พ.ค. 2558 33.1316 33.2145 33.5320
20 พ.ค. 2558 33.3267 33.4156 33.7186
21 พ.ค. 2558 33.2532 33.3517 33.6637
22 พ.ค. 2558 33.1722 33.2600 33.5636
25 พ.ค. 2558 33.2687 33.3653 33.6557
26 พ.ค. 2558 33.4231 33.5174 33.8208
27 พ.ค. 2558 33.5396 33.6329 33.9243
28 พ.ค. 2558 33.5363 33.6225 33.9299
29 พ.ค. 2558 33.4909 33.5860 33.8857
02 มิ.ย. 2558 33.5255 33.6137 33.9145
03 มิ.ย. 2558 33.4664 33.5535 33.8551
04 มิ.ย. 2558 33.4510 33.5383 33.8460
05 มิ.ย. 2558 33.5062 33.5920 33.8978
08 มิ.ย. 2558 33.6398 33.7215 34.0243
09 มิ.ย. 2558 33.4902 33.5800 33.8796
10 มิ.ย. 2558 33.4573 33.5459 33.8490
11 มิ.ย. 2558 33.4085 33.4961 33.8029
12 มิ.ย. 2558 33.4494 33.5327 33.8407
15 มิ.ย. 2558 33.4573 33.5494 33.8474
16 มิ.ย. 2558 33.4465 33.5300 33.8411
17 มิ.ย. 2558 33.4404 33.5310 33.8273
18 มิ.ย. 2558 33.3989 33.4942 33.7874
19 มิ.ย. 2558 33.4151 33.5098 33.8106
22 มิ.ย. 2558 33.4088 33.5026 33.8081
23 มิ.ย. 2558 33.4744 33.5699 33.8618
24 มิ.ย. 2558 33.5355 33.6307 33.9426
25 มิ.ย. 2558 33.5440 33.6389 33.9438
26 มิ.ย. 2558 33.5379 33.6313 33.9402
29 มิ.ย. 2558 33.6087 33.7057 34.0106
30 มิ.ย. 2558 33.5330 33.6270 33.9266
02 ก.ค. 2558 33.5470 33.6430 33.9538
03 ก.ค. 2558 33.5281 33.6209 33.9220
06 ก.ค. 2558 33.5727 33.6669 33.9735
07 ก.ค. 2558 33.6287 33.7249 34.0224
08 ก.ค. 2558 33.7753 33.8695 34.1646
09 ก.ค. 2558 33.7145 33.8112 34.1152
10 ก.ค. 2558 33.6750 33.7706 34.0753
13 ก.ค. 2558 33.7165 33.8126 34.1199
14 ก.ค. 2558 33.7864 33.8814 34.1877
15 ก.ค. 2558 33.8074 33.9024 34.2073
16 ก.ค. 2558 33.9514 34.0471 34.3433
17 ก.ค. 2558 33.9415 34.0363 34.3457
20 ก.ค. 2558 34.0367 34.1294 34.4367
21 ก.ค. 2558 34.2154 34.3054 34.6162
22 ก.ค. 2558 34.2910 34.3808 34.6858
23 ก.ค. 2558 34.5366 34.6281 34.9336
24 ก.ค. 2558 34.6096 34.7054 35.0072
27 ก.ค. 2558 34.6057 34.6908 35.0071
28 ก.ค. 2558 34.6220 34.7157 35.0255
29 ก.ค. 2558 34.6289 34.7233 35.0315
31 ก.ค. 2558 34.9206 35.0112 35.3318
03 ส.ค. 2558 34.8111 34.8967 35.2080
04 ส.ค. 2558 34.8631 34.9513 35.2648
05 ส.ค. 2558 34.8623 34.9522 35.2613
06 ส.ค. 2558 34.9172 35.0123 35.3257
07 ส.ค. 2558 34.9014 34.9850 35.3020
10 ส.ค. 2558 34.8571 34.9424 35.2669
11 ส.ค. 2558 35.0098 35.0891 35.4146
13 ส.ค. 2558 34.9868 35.0743 35.3872
14 ส.ค. 2558 34.9784 35.0654 35.3835
17 ส.ค. 2558 35.0906 35.1829 35.4939
18 ส.ค. 2558 35.2952 35.3776 35.7033
19 ส.ค. 2558 35.3403 35.4325 35.7339
20 ส.ค. 2558 35.2933 35.3868 35.7013
21 ส.ค. 2558 35.4146 35.5075 35.8197
24 ส.ค. 2558 35.5259 35.6226 35.9167
25 ส.ค. 2558 35.3475 35.4408 35.7486
26 ส.ค. 2558 35.3925 35.4828 35.8022
27 ส.ค. 2558 35.3937 35.4901 35.7939
28 ส.ค. 2558 35.5263 35.6112 35.9324
31 ส.ค. 2558 35.6115 35.7115 36.0277
01 ก.ย. 2558 35.5134 35.6049 35.9165
02 ก.ย. 2558 35.5035 35.5983 35.9053
03 ก.ย. 2558 35.5627 35.6580 35.9620
04 ก.ย. 2558 35.5879 35.6802 36.0028
07 ก.ย. 2558 35.7435 35.8382 36.1420
08 ก.ย. 2558 35.9395 36.0356 36.3492
09 ก.ย. 2558 35.7549 35.8472 36.1501
10 ก.ย. 2558 35.9392 36.0351 36.3453
11 ก.ย. 2558 35.7722 35.8684 36.1746
14 ก.ย. 2558 35.7812 35.8753 36.1881
15 ก.ย. 2558 35.7628 35.8575 36.1671
16 ก.ย. 2558 35.7066 35.7997 36.1153
17 ก.ย. 2558 35.5576 35.6436 35.9788
18 ก.ย. 2558 35.4880 35.5760 35.9036
21 ก.ย. 2558 35.4643 35.5589 35.8872
22 ก.ย. 2558 35.6746 35.7693 36.0883
23 ก.ย. 2558 35.8653 35.9614 36.2701
24 ก.ย. 2558 35.9902 36.0866 36.3940
25 ก.ย. 2558 35.9897 36.0856 36.3918
28 ก.ย. 2558 35.9837 36.0785 36.3902
29 ก.ย. 2558 36.2142 36.3102 36.6271
30 ก.ย. 2558 36.1200 36.2048 36.5344
01 ต.ค. 2558 36.1147 36.2098 36.5116
02 ต.ค. 2558 36.3113 36.4075 36.7060
05 ต.ค. 2558 36.1966 36.2904 36.6006
06 ต.ค. 2558 36.0875 36.1830 36.4905
07 ต.ค. 2558 35.8994 35.9876 36.3392
08 ต.ค. 2558 35.6994 35.7961 36.0964
09 ต.ค. 2558 35.4078 35.5056 35.8304
12 ต.ค. 2558 35.2852 35.3619 35.6932
13 ต.ค. 2558 35.2415 35.3328 35.6456
14 ต.ค. 2558 35.3297 35.4081 35.7443
15 ต.ค. 2558 34.9400 35.0378 35.3577
16 ต.ค. 2558 35.0419 35.1368 35.4376
19 ต.ค. 2558 35.0711 35.1648 35.4721
20 ต.ค. 2558 35.1806 35.2729 35.5939
21 ต.ค. 2558 35.1514 35.2468 35.5447
22 ต.ค. 2558 35.3523 35.4463 35.7590
26 ต.ค. 2558 35.3025 35.3879 35.7262
27 ต.ค. 2558 35.2388 35.3341 35.6519
28 ต.ค. 2558 35.2623 35.3577 35.6631
29 ต.ค. 2558 35.3572 35.4493 35.7561
30 ต.ค. 2558 35.3532 35.4457 35.7589
02 พ.ย. 2558 35.3136 35.4058 35.7226
03 พ.ย. 2558 35.3038 35.3951 35.7105
04 พ.ย. 2558 35.2786 35.3729 35.6758
05 พ.ย. 2558 35.2911 35.3820 35.6900
06 พ.ย. 2558 35.3158 35.4059 35.7234
09 พ.ย. 2558 35.5775 35.6610 36.0017
10 พ.ย. 2558 35.6447 35.7359 36.0570
11 พ.ย. 2558 35.5964 35.6900 36.0089
12 พ.ย. 2558 35.5668 35.6614 35.9721
13 พ.ย. 2558 35.6113 35.7046 36.0218
16 พ.ย. 2558 35.7052 35.7972 36.1169
17 พ.ย. 2558 35.7064 35.7990 36.1286
18 พ.ย. 2558 35.7700 35.8616 36.1731
19 พ.ย. 2558 35.6730 35.7653 36.0900
20 พ.ย. 2558 35.4844 35.5783 35.8992
23 พ.ย. 2558 35.5441 35.6330 35.9479
24 พ.ย. 2558 35.5847 35.6784 35.9991
25 พ.ย. 2558 35.4420 35.5352 35.8531
26 พ.ย. 2558 35.4657 35.5588 35.8834
27 พ.ย. 2558 35.5332 35.6251 35.9396
30 พ.ย. 2558 35.6404 35.7339 36.0549
01 ธ.ค. 2558 35.5681 35.6611 35.9836
02 ธ.ค. 2558 35.5252 35.6133 35.9393
03 ธ.ค. 2558 35.6264 35.7186 36.0431
04 ธ.ค. 2558 35.5432 35.6363 35.9533
08 ธ.ค. 2558 35.6342 35.7271 36.0477
09 ธ.ค. 2558 35.6712 35.7643 36.0917
11 ธ.ค. 2558 35.7650 35.8570 36.1662
14 ธ.ค. 2558 35.8706 35.9604 36.2891
15 ธ.ค. 2558 35.8244 35.9150 36.2574
16 ธ.ค. 2558 35.7280 35.8227 36.1335
17 ธ.ค. 2558 35.8036 35.8917 36.2122
18 ธ.ค. 2558 35.9132 35.9908 36.3276
21 ธ.ค. 2558 35.8934 35.9863 36.3108
22 ธ.ค. 2558 35.8353 35.9259 36.2562
23 ธ.ค. 2558 35.8147 35.9051 36.2308
24 ธ.ค. 2558 35.8490 35.9329 36.2737
25 ธ.ค. 2558 35.8071 35.9023 36.2431
28 ธ.ค. 2558 35.8254 35.9164 36.2546
29 ธ.ค. 2558 35.8524 35.9381 36.2545
30 ธ.ค. 2558 35.8295 35.9233 36.2538
04 ม.ค. 2559 35.8911 35.9778 36.3216
05 ม.ค. 2559 35.8910 35.9849 36.3031
06 ม.ค. 2559 35.9336 36.0228 36.3476
07 ม.ค. 2559 36.0511 36.1451 36.4616
08 ม.ค. 2559 35.9618 36.0510 36.3763
11 ม.ค. 2559 36.0525 36.1461 36.4716
12 ม.ค. 2559 36.0314 36.1202 36.4439
13 ม.ค. 2559 36.0182 36.1090 36.4346
14 ม.ค. 2559 36.0589 36.1471 36.4812
15 ม.ค. 2559 36.0575 36.1500 36.4750
18 ม.ค. 2559 36.0711 36.1631 36.4818
19 ม.ค. 2559 36.0166 36.1035 36.4505
20 ม.ค. 2559 36.0264 36.1087 36.4643
21 ม.ค. 2559 36.0018 36.0798 36.4337
22 ม.ค. 2559 35.9039 35.9884 36.3271
25 ม.ค. 2559 35.7402 35.8347 36.1486
26 ม.ค. 2559 35.7263 35.8208 36.1426
27 ม.ค. 2559 35.5767 35.6683 35.9950
28 ม.ค. 2559 35.5924 35.6841 36.0190
29 ม.ค. 2559 35.5267 35.6172 35.9432
01 ก.พ. 2559 35.4314 35.5246 35.8397
02 ก.พ. 2559 35.3796 35.4727 35.7994
03 ก.พ. 2559 35.5649 35.6573 35.9843
04 ก.พ. 2559 35.3600 35.4542 35.7948
05 ก.พ. 2559 35.3208 35.4119 35.7353
08 ก.พ. 2559 35.2815 35.3744 35.6984
09 ก.พ. 2559 35.2255 35.3110 35.6444
10 ก.พ. 2559 35.1215 35.2079 35.5492
11 ก.พ. 2559 35.0121 35.1048 35.4246
12 ก.พ. 2559 35.1235 35.2011 35.5500
15 ก.พ. 2559 35.3971 35.4824 35.8214
16 ก.พ. 2559 35.3742 35.4669 35.7869
17 ก.พ. 2559 35.3936 35.4864 35.8202
18 ก.พ. 2559 35.3321 35.4272 35.7581
19 ก.พ. 2559 35.3776 35.4658 35.8009
23 ก.พ. 2559 35.4967 35.5883 35.9075
24 ก.พ. 2559 35.4713 35.5643 35.9041
25 ก.พ. 2559 35.4137 35.5018 35.8527
26 ก.พ. 2559 35.4054 35.4981 35.8241
29 ก.พ. 2559 35.4627 35.5563 35.8940
01 มี.ค. 2559 35.3646 35.4587 35.7927
02 มี.ค. 2559 35.3464 35.4392 35.7758
03 มี.ค. 2559 35.2574 35.3510 35.6822
04 มี.ค. 2559 35.1529 35.2459 35.5871
07 มี.ค. 2559 35.1862 35.2757 35.5973
08 มี.ค. 2559 35.1818 35.2754 35.6095
09 มี.ค. 2559 35.1025 35.1956 35.5321
10 มี.ค. 2559 35.0170 35.1103 35.4546
11 มี.ค. 2559 34.9065 34.9999 35.3277
14 มี.ค. 2559 34.8223 34.9150 35.2400
15 มี.ค. 2559 34.8587 34.9521 35.2809
16 มี.ค. 2559 34.8184 34.9121 35.2373
17 มี.ค. 2559 34.5896 34.6851 35.0071
18 มี.ค. 2559 34.5651 34.6558 34.9751
21 มี.ค. 2559 34.6479 34.7403 35.0791
22 มี.ค. 2559 34.6706 34.7637 35.0870
23 มี.ค. 2559 34.7382 34.8290 35.1614
24 มี.ค. 2559 35.0171 35.1098 35.4458
25 มี.ค. 2559 35.0720 35.1635 35.4956
28 มี.ค. 2559 35.0844 35.1776 35.5004
29 มี.ค. 2559 35.1110 35.2054 35.5385
30 มี.ค. 2559 35.0332 35.1254 35.4578
31 มี.ค. 2559 34.9755 35.0709 35.4074
01 เม.ย. 2559 34.8797 34.9724 35.3027
04 เม.ย. 2559 34.8994 34.9858 35.3231
05 เม.ย. 2559 35.0769 35.1698 35.4981
07 เม.ย. 2559 34.9428 35.0329 35.3771
08 เม.ย. 2559 34.9296 35.0233 35.3531
11 เม.ย. 2559 34.8216 34.9154 35.2379
12 เม.ย. 2559 34.7757 34.8685 35.2004
18 เม.ย. 2559 34.8005 34.8900 35.2314
19 เม.ย. 2559 34.7012 34.7963 35.1297
20 เม.ย. 2559 34.6247 34.7172 35.0498
21 เม.ย. 2559 34.7557 34.8487 35.1852
22 เม.ย. 2559 34.8010 34.8948 35.2212
25 เม.ย. 2559 34.8752 34.9674 35.2885
26 เม.ย. 2559 34.8984 34.9921 35.3225
27 เม.ย. 2559 34.8679 34.9621 35.2957
28 เม.ย. 2559 34.8329 34.9285 35.2636
29 เม.ย. 2559 34.6677 34.7580 35.1093
03 พ.ค. 2559 34.5979 34.6926 35.0291
04 พ.ค. 2559 34.8357 34.9288 35.2763
09 พ.ค. 2559 34.8572 34.9502 35.2850
10 พ.ค. 2559 34.9761 35.0685 35.4122
11 พ.ค. 2559 34.9538 35.0467 35.3825
12 พ.ค. 2559 34.9870 35.0798 35.4150
13 พ.ค. 2559 35.1093 35.2023 35.5371
16 พ.ค. 2559 35.1595 35.2502 35.5915
17 พ.ค. 2559 35.1135 35.2068 35.5338
18 พ.ค. 2559 35.3349 35.4260 35.7540
19 พ.ค. 2559 35.4328 35.5261 35.8667
23 พ.ค. 2559 35.3655 35.4565 35.7852
24 พ.ค. 2559 35.4704 35.5635 35.8919
25 พ.ค. 2559 35.4753 35.5676 35.9062
26 พ.ค. 2559 35.3648 35.4608 35.7896
27 พ.ค. 2559 35.3643 35.4547 35.7823
30 พ.ค. 2559 35.5052 35.5985 35.9398
31 พ.ค. 2559 35.4656 35.5596 35.8929
01 มิ.ย. 2559 35.4524 35.5421 35.8703
02 มิ.ย. 2559 35.3807 35.4758 35.8063
03 มิ.ย. 2559 35.3090 35.4016 35.7422
06 มิ.ย. 2559 35.0923 35.1872 35.5262
07 มิ.ย. 2559 35.0316 35.1236 35.4512
08 มิ.ย. 2559 34.9706 35.0608 35.3971
09 มิ.ย. 2559 34.8540 34.9459 35.2808
10 มิ.ย. 2559 34.9869 35.0783 35.4057
13 มิ.ย. 2559 34.9785 35.0737 35.4010
14 มิ.ย. 2559 34.9258 35.0186 35.3349
15 มิ.ย. 2559 35.0839 35.1776 35.5081
16 มิ.ย. 2559 34.9336 35.0294 35.3645
17 มิ.ย. 2559 35.0131 35.1059 35.4452
20 มิ.ย. 2559 34.9446 35.0393 35.3791
21 มิ.ย. 2559 34.9467 35.0393 35.3804
22 มิ.ย. 2559 34.9869 35.0793 35.4177
23 มิ.ย. 2559 34.9317 35.0256 35.3578
24 มิ.ย. 2559 35.0924 35.1799 35.5691
27 มิ.ย. 2559 35.1012 35.1924 35.5328
28 มิ.ย. 2559 35.0370 35.1309 35.4683
29 มิ.ย. 2559 35.0018 35.0959 35.4292
30 มิ.ย. 2559 34.9233 35.0167 35.3436
04 ก.ค. 2559 34.8092 34.9008 35.2268
05 ก.ค. 2559 34.8502 34.9467 35.2786
06 ก.ค. 2559 34.9653 35.0602 35.4047
07 ก.ค. 2559 34.9234 35.0177 35.3553
08 ก.ค. 2559 34.9482 35.0416 35.3760
11 ก.ค. 2559 34.8673 34.9586 35.3060
12 ก.ค. 2559 34.8922 34.9827 35.3210
13 ก.ค. 2559 34.9369 35.0302 35.3681
14 ก.ค. 2559 34.8961 34.9917 35.3343
15 ก.ค. 2559 34.7536 34.8452 35.1761
20 ก.ค. 2559 34.7744 34.8721 35.2179
21 ก.ค. 2559 34.7912 34.8840 35.2182
22 ก.ค. 2559 34.6859 34.7791 35.1123
25 ก.ค. 2559 34.7308 34.8254 35.1885
26 ก.ค. 2559 34.7833 34.8773 35.2218
27 ก.ค. 2559 34.7470 34.8425 35.1798
28 ก.ค. 2559 34.6477 34.7419 35.0885
29 ก.ค. 2559 34.6137 34.7093 35.0415
01 ส.ค. 2559 34.5250 34.6199 34.9442
02 ส.ค. 2559 34.5414 34.6314 34.9549
03 ส.ค. 2559 34.5513 34.6471 34.9746
04 ส.ค. 2559 34.6965 34.7908 35.1144
05 ส.ค. 2559 34.6176 34.7126 35.0431
08 ส.ค. 2559 34.7137 34.8055 35.1508
09 ส.ค. 2559 34.6979 34.7956 35.1524
10 ส.ค. 2559 34.5375 34.6338 34.9694
11 ส.ค. 2559 34.5291 34.6234 34.9584
15 ส.ค. 2559 34.4653 34.5508 34.8921
16 ส.ค. 2559 34.3403 34.4357 34.7703
17 ส.ค. 2559 34.3797 34.4753 34.8193
18 ส.ค. 2559 34.3270 34.4213 34.7570
19 ส.ค. 2559 34.3537 34.4498 34.7812
22 ส.ค. 2559 34.4389 34.5329 34.8614
23 ส.ค. 2559 34.3614 34.4572 34.7909
24 ส.ค. 2559 34.3896 34.4819 34.8211
25 ส.ค. 2559 34.3510 34.4456 34.7821
26 ส.ค. 2559 34.2966 34.3913 34.7214
29 ส.ค. 2559 34.3923 34.4871 34.8363
30 ส.ค. 2559 34.3141 34.4091 34.7606
31 ส.ค. 2559 34.3660 34.4603 34.8079
01 ก.ย. 2559 34.3599 34.4549 34.7984
02 ก.ย. 2559 34.3382 34.4265 34.7791
05 ก.ย. 2559 34.4098 34.4946 34.8306
06 ก.ย. 2559 34.5284 34.6237 34.9467
07 ก.ย. 2559 34.3246 34.4183 34.7614
08 ก.ย. 2559 34.3959 34.4897 34.8168
09 ก.ย. 2559 34.5104 34.6051 34.9292
12 ก.ย. 2559 34.6103 34.7049 35.0335
13 ก.ย. 2559 34.6018 34.6939 35.0288
14 ก.ย. 2559 34.6908 34.7784 35.1158
15 ก.ย. 2559 34.6279 34.7196 35.0544
16 ก.ย. 2559 34.5790 34.6648 35.0004
19 ก.ย. 2559 34.6175 34.7028 35.0432
20 ก.ย. 2559 34.5608 34.6553 35.0004
21 ก.ย. 2559 34.5145 34.6048 34.9515
22 ก.ย. 2559 34.4067 34.5010 34.8333
23 ก.ย. 2559 34.4037 34.4982 34.8381
26 ก.ย. 2559 34.3990 34.4932 34.8295
27 ก.ย. 2559 34.3512 34.4470 34.7911
28 ก.ย. 2559 34.3439 34.4392 34.7911
29 ก.ย. 2559 34.3459 34.4357 34.7820
30 ก.ย. 2559 34.4290 34.5243 34.8755
03 ต.ค. 2559 34.3568 34.4508 34.7828
04 ต.ค. 2559 34.4320 34.5138 34.8493
05 ต.ค. 2559 34.5085 34.5964 34.9455
06 ต.ค. 2559 34.5594 34.6458 34.9681
07 ต.ค. 2559 34.6054 34.7019 35.0331
10 ต.ค. 2559 34.7680 34.8527 35.1739
11 ต.ค. 2559 34.9244 34.9951 35.3459
12 ต.ค. 2559 35.1603 35.2200 35.6261
13 ต.ค. 2559 35.4437 35.5406 35.8811
14 ต.ค. 2559 34.9655 35.0574 35.3944
17 ต.ค. 2559 35.1183 35.2003 35.5474
18 ต.ค. 2559 34.9058 34.9965 35.3248
19 ต.ค. 2559 34.6814 34.7714 35.0970
20 ต.ค. 2559 34.6586 34.7408 35.0714
21 ต.ค. 2559 34.8532 34.9438 35.2600
25 ต.ค. 2559 34.7832 34.8764 35.2150
26 ต.ค. 2559 34.7127 34.8034 35.1305
27 ต.ค. 2559 34.8077 34.9027 35.2429
28 ต.ค. 2559 34.8791 34.9669 35.2899
31 ต.ค. 2559 34.7688 34.8590 35.1829
01 พ.ย. 2559 34.7617 34.8488 35.1874
02 พ.ย. 2559 34.7834 34.8690 35.2279
03 พ.ย. 2559 34.6607 34.7502 35.1079
04 พ.ย. 2559 34.7016 34.7855 35.1251
07 พ.ย. 2559 34.7674 34.8492 35.1804
08 พ.ย. 2559 34.7134 34.8009 35.1511
09 พ.ย. 2559 34.6618 34.7386 35.1133
10 พ.ย. 2559 34.7975 34.8848 35.2450
11 พ.ย. 2559 35.0385 35.1021 35.4991
14 พ.ย. 2559 35.1779 35.2464 35.6032
15 พ.ย. 2559 35.1202 35.1857 35.5600
16 พ.ย. 2559 35.1710 35.2356 35.6098
17 พ.ย. 2559 35.1635 35.2201 35.6132
18 พ.ย. 2559 35.3150 35.3812 35.7519
21 พ.ย. 2559 35.2707 35.3321 35.7294
22 พ.ย. 2559 35.1874 35.2523 35.6566
23 พ.ย. 2559 35.2344 35.3307 35.6954
24 พ.ย. 2559 35.4377 35.5037 35.8908
25 พ.ย. 2559 35.4101 35.4774 35.8547
28 พ.ย. 2559 35.3001 35.3628 35.7634
29 พ.ย. 2559 35.3070 35.3740 35.7403
30 พ.ย. 2559 35.3522 35.4158 35.8068
01 ธ.ค. 2559 35.4429 35.5016 35.8933
02 ธ.ค. 2559 35.3792 35.4455 35.8384
06 ธ.ค. 2559 35.3675 35.4543 35.8082
07 ธ.ค. 2559 35.4110 35.4968 35.8326
08 ธ.ค. 2559 35.3562 35.4178 35.8015
09 ธ.ค. 2559 35.4090 35.4946 35.8015
13 ธ.ค. 2559 35.3396 35.4275 35.7631
14 ธ.ค. 2559 35.3130 35.4020 35.7484
15 ธ.ค. 2559 35.4590 35.5461 35.8949
16 ธ.ค. 2559 35.5139 35.5723 35.9748
19 ธ.ค. 2559 35.5714 35.6605 36.0005
20 ธ.ค. 2559 35.6421 35.7321 36.0702
21 ธ.ค. 2559 35.7630 35.8580 36.2094
22 ธ.ค. 2559 35.7469 35.8353 36.1714
23 ธ.ค. 2559 35.7618 35.8460 36.1672
26 ธ.ค. 2559 35.7106 35.7760 36.1453
27 ธ.ค. 2559 35.7417 35.8332 36.1708
28 ธ.ค. 2559 35.7645 35.8513 36.1915
29 ธ.ค. 2559 35.7436 35.8305 36.1544
30 ธ.ค. 2559 35.5660 35.6588 36.0025
04 ม.ค. 2560 35.6326 35.7030 36.0715
05 ม.ค. 2560 35.5058 35.5907 35.9390
06 ม.ค. 2560 35.4467 35.5246 35.8859
09 ม.ค. 2560 35.5063 35.5631 35.9459
10 ม.ค. 2560 35.3556 35.4163 35.8036
11 ม.ค. 2560 35.3255 35.3908 35.7553
12 ม.ค. 2560 35.1038 35.1884 35.5345
13 ม.ค. 2560 35.1458 35.2082 35.5886
16 ม.ค. 2560 35.1738 35.2559 35.6190
17 ม.ค. 2560 35.1406 35.2223 35.5685
18 ม.ค. 2560 35.0271 35.1030 35.4465
19 ม.ค. 2560 35.1460 35.2310 35.5722
20 ม.ค. 2560 35.0745 35.1636 35.5286
23 ม.ค. 2560 35.0336 35.1117 35.4645
24 ม.ค. 2560 34.9693 35.0507 35.3924
25 ม.ค. 2560 34.9765 35.0612 35.4270
26 ม.ค. 2560 34.9392 35.0241 35.3790
27 ม.ค. 2560 35.0343 35.1236 35.4970
30 ม.ค. 2560 35.0087 35.0940 35.4365
31 ม.ค. 2560 34.9328 35.0093 35.3723
01 ก.พ. 2560 34.8938 34.9785 35.3182
02 ก.พ. 2560 34.8443 34.9285 35.2638
03 ก.พ. 2560 34.8112 34.9094 35.2696
06 ก.พ. 2560 34.7666 34.8552 35.1854
07 ก.พ. 2560 34.7713 34.8603 35.1972
08 ก.พ. 2560 34.7838 34.8655 35.2103
09 ก.พ. 2560 34.7620 34.8485 35.1814
10 ก.พ. 2560 34.7979 34.8858 35.2510
14 ก.พ. 2560 34.7807 34.8673 35.2024
15 ก.พ. 2560 34.7726 34.8602 35.1979
16 ก.พ. 2560 34.7546 34.8301 35.1717
17 ก.พ. 2560 34.7413 34.8236 35.1678
20 ก.พ. 2560 34.7340 34.8251 35.1722
21 ก.พ. 2560 34.7902 34.8732 35.2181
22 ก.พ. 2560 34.7562 34.8338 35.1832
23 ก.พ. 2560 34.7550 34.8291 35.1635
24 ก.พ. 2560 34.7218 34.8022 35.1431
27 ก.พ. 2560 34.6223 34.7075 35.0475
28 ก.พ. 2560 34.6309 34.7112 35.0526
01 มี.ค. 2560 34.7205 34.7981 35.1545
02 มี.ค. 2560 34.7227 34.7994 35.1809
03 มี.ค. 2560 34.7752 34.8549 35.2152
06 มี.ค. 2560 34.7667 34.8469 35.2032
07 มี.ค. 2560 34.7967 34.8821 35.2486
08 มี.ค. 2560 34.9007 34.9770 35.3186
09 มี.ค. 2560 35.0669 35.1492 35.4809
10 มี.ค. 2560 35.1260 35.2034 35.5459
13 มี.ค. 2560 35.0497 35.1309 35.4659
14 มี.ค. 2560 35.0466 35.1252 35.4826
15 มี.ค. 2560 35.0154 35.1011 35.4459
16 มี.ค. 2560 34.7991 34.8785 35.2411
17 มี.ค. 2560 34.7036 34.7786 35.1359
20 มี.ค. 2560 34.4577 34.5458 34.8776
21 มี.ค. 2560 34.4709 34.5495 34.8826
22 มี.ค. 2560 34.4724 34.5585 34.8982
23 มี.ค. 2560 34.3658 34.4556 34.7990
24 มี.ค. 2560 34.4125 34.5003 34.8329
27 มี.ค. 2560 34.2308 34.3093 34.6382
28 มี.ค. 2560 34.1683 34.2493 34.5720
29 มี.ค. 2560 34.2516 34.3319 34.6704
30 มี.ค. 2560 34.2424 34.3245 34.6511
31 มี.ค. 2560 34.2050 34.2857 34.6144
03 เม.ย. 2560 34.0673 34.1455 34.4682
04 เม.ย. 2560 34.1463 34.2242 34.5545
05 เม.ย. 2560 34.2589 34.3439 34.6579
07 เม.ย. 2560 34.3843 34.4628 34.7647
10 เม.ย. 2560 34.3973 34.4822 34.8023
11 เม.ย. 2560 34.3635 34.4505 34.7543
12 เม.ย. 2560 34.2782 34.3647 34.6954
17 เม.ย. 2560 34.0253 34.1160 34.4563
18 เม.ย. 2560 34.1300 34.2200 34.5515
19 เม.ย. 2560 34.0703 34.1597 34.4899
20 เม.ย. 2560 34.1270 34.2194 34.5429
21 เม.ย. 2560 34.1542 34.2449 34.5850
24 เม.ย. 2560 34.1074 34.1962 34.5243
25 เม.ย. 2560 34.1274 34.2114 34.5368
26 เม.ย. 2560 34.1752 34.2612 34.5930
27 เม.ย. 2560 34.2695 34.3527 34.6587
28 เม.ย. 2560 34.3805 34.4649 34.7852
02 พ.ค. 2560 34.2992 34.3870 34.7099
03 พ.ค. 2560 34.1966 34.2809 34.6112
04 พ.ค. 2560 34.3431 34.4281 34.7503
05 พ.ค. 2560 34.3666 34.4542 34.7739
08 พ.ค. 2560 34.4076 34.4962 34.8253
09 พ.ค. 2560 34.4281 34.5158 34.8528
11 พ.ค. 2560 34.5157 34.6049 34.9575
12 พ.ค. 2560 34.4623 34.5499 34.8885
15 พ.ค. 2560 34.3632 34.4520 34.7891
16 พ.ค. 2560 34.2319 34.3203 34.6497
17 พ.ค. 2560 34.2268 34.3134 34.6472
18 พ.ค. 2560 34.2380 34.3273 34.6677
19 พ.ค. 2560 34.2695 34.3578 34.6959
22 พ.ค. 2560 34.1123 34.1987 34.5265
23 พ.ค. 2560 34.1227 34.2108 34.5306
24 พ.ค. 2560 34.2055 34.2933 34.6367
25 พ.ค. 2560 33.9936 34.0823 34.4376
26 พ.ค. 2560 33.8334 33.9194 34.2527
29 พ.ค. 2560 33.8432 33.9293 34.2506
30 พ.ค. 2560 33.8895 33.9754 34.2965
31 พ.ค. 2560 33.8405 33.9293 34.2680
01 มิ.ย. 2560 33.8314 33.9193 34.2836
02 มิ.ย. 2560 33.9333 34.0218 34.3596
05 มิ.ย. 2560 33.7891 33.8736 34.2161
06 มิ.ย. 2560 33.7429 33.8333 34.1591
07 มิ.ย. 2560 33.7376 33.8280 34.1691
08 มิ.ย. 2560 33.7891 33.8751 34.2065
09 มิ.ย. 2560 33.7978 33.8878 34.2222
12 มิ.ย. 2560 33.8212 33.9057 34.2483
13 มิ.ย. 2560 33.7441 33.8351 34.1672
14 มิ.ย. 2560 33.6618 33.7445 34.0702
15 มิ.ย. 2560 33.6239 33.7182 34.0478
16 มิ.ย. 2560 33.7234 33.8079 34.1273
19 มิ.ย. 2560 33.6878 33.7728 34.1046
20 มิ.ย. 2560 33.7319 33.8129 34.1361
21 มิ.ย. 2560 33.7720 33.8609 34.2111
22 มิ.ย. 2560 33.7100 33.7950 34.1297
23 มิ.ย. 2560 33.7330 33.8158 34.1391
26 มิ.ย. 2560 33.7059 33.7868 34.1037
27 มิ.ย. 2560 33.7312 33.8154 34.1365
28 มิ.ย. 2560 33.7284 33.8102 34.1260
29 มิ.ย. 2560 33.6985 33.7883 34.1290
30 มิ.ย. 2560 33.7340 33.8145 34.1483
03 ก.ค. 2560 33.6940 33.7832 34.1275
04 ก.ค. 2560 33.7531 33.8382 34.1706
05 ก.ค. 2560 33.7423 33.8328 34.1750
06 ก.ค. 2560 33.7882 33.8676 34.2108
07 ก.ค. 2560 33.8408 33.9253 34.2539
11 ก.ค. 2560 33.8531 33.9384 34.2685
12 ก.ค. 2560 33.7719 33.8548 34.1738
13 ก.ค. 2560 33.7026 33.7849 34.1123
14 ก.ค. 2560 33.6662 33.7524 34.0866
17 ก.ค. 2560 33.4853 33.5671 33.8884
18 ก.ค. 2560 33.3547 33.4346 33.7633
19 ก.ค. 2560 33.3986 33.4826 33.7966
20 ก.ค. 2560 33.3864 33.4649 33.7929
21 ก.ค. 2560 33.2839 33.3660 33.6898
24 ก.ค. 2560 33.1851 33.2671 33.5998
25 ก.ค. 2560 33.1960 33.2792 33.6146
26 ก.ค. 2560 33.2589 33.3400 33.6586
27 ก.ค. 2560 33.0855 33.1678 33.5018
31 ก.ค. 2560 33.0768 33.1616 33.4930
01 ส.ค. 2560 33.0229 33.1008 33.4364
02 ส.ค. 2560 33.0562 33.1436 33.4705
03 ส.ค. 2560 33.0460 33.1298 33.4624
04 ส.ค. 2560 32.9966 33.0803 33.4169
07 ส.ค. 2560 33.0223 33.1046 33.4347
08 ส.ค. 2560 33.0234 33.1014 33.4345
09 ส.ค. 2560 33.0216 33.1096 33.4538
10 ส.ค. 2560 33.0012 33.0774 33.4083
11 ส.ค. 2560 33.0080 33.0881 33.4199
15 ส.ค. 2560 33.0116 33.0946 33.4292
16 ส.ค. 2560 33.0356 33.1226 33.4634
17 ส.ค. 2560 33.0002 33.0827 33.4137
18 ส.ค. 2560 32.9804 33.0692 33.4246
21 ส.ค. 2560 32.9724 33.0572 33.3922
22 ส.ค. 2560 33.0058 33.0887 33.4168
23 ส.ค. 2560 33.0249 33.1063 33.4370
24 ส.ค. 2560 33.1012 33.1836 33.5087
25 ส.ค. 2560 33.0993 33.1832 33.5195
28 ส.ค. 2560 32.9792 33.0628 33.3995
29 ส.ค. 2560 32.9476 33.0352 33.3582
30 ส.ค. 2560 32.9605 33.0361 33.3649
31 ส.ค. 2560 32.9638 33.0460 33.3777
01 ก.ย. 2560 32.9309 33.0115 33.3563
04 ก.ย. 2560 32.9212 33.0117 33.3696
05 ก.ย. 2560 32.9170 33.0005 33.3291
06 ก.ย. 2560 32.9128 32.9956 33.3261
07 ก.ย. 2560 32.8820 32.9654 33.2942
08 ก.ย. 2560 32.8342 32.9152 33.2246
11 ก.ย. 2560 32.8719 32.9627 33.3059
12 ก.ย. 2560 32.8708 32.9585 33.2982
13 ก.ย. 2560 32.8475 32.9244 33.2616
14 ก.ย. 2560 32.8779 32.9601 33.2933
15 ก.ย. 2560 32.8206 32.9011 33.2396
18 ก.ย. 2560 32.8314 32.9169 33.2536
19 ก.ย. 2560 32.8313 32.9111 33.2389
20 ก.ย. 2560 32.8320 32.9119 33.2432
21 ก.ย. 2560 32.8811 32.9609 33.2854
22 ก.ย. 2560 32.8685 32.9486 33.2752
25 ก.ย. 2560 32.8354 32.9194 33.2548
26 ก.ย. 2560 32.8929 32.9804 33.3014
27 ก.ย. 2560 33.0104 33.0943 33.4129
28 ก.ย. 2560 33.1410 33.2218 33.5399
29 ก.ย. 2560 33.1237 33.2043 33.5324
02 ต.ค. 2560 33.1306 33.2136 33.5397
03 ต.ค. 2560 33.2364 33.3273 33.6562
04 ต.ค. 2560 33.1159 33.1928 33.5041
05 ต.ค. 2560 33.1300 33.2133 33.5338
06 ต.ค. 2560 33.1771 33.2567 33.5799
09 ต.ค. 2560 33.1582 33.2385 33.5633
10 ต.ค. 2560 33.1018 33.1829 33.5106
11 ต.ค. 2560 32.9716 33.0533 33.3781
12 ต.ค. 2560 32.9039 32.9877 33.3094
16 ต.ค. 2560 32.8180 32.8986 33.2328
17 ต.ค. 2560 32.8510 32.9288 33.2549
18 ต.ค. 2560 32.8419 32.9268 33.2640
19 ต.ค. 2560 32.9029 32.9817 33.3131
20 ต.ค. 2560 32.8905 32.9736 33.2976
24 ต.ค. 2560 32.9086 32.9936 33.3237
25 ต.ค. 2560 32.9484 33.0310 33.3709
27 ต.ค. 2560 33.0285 33.1056 33.4492
30 ต.ค. 2560 32.9990 33.0845 33.4070
31 ต.ค. 2560 32.9744 33.0586 33.4000
01 พ.ย. 2560 32.9438 33.0257 33.3490
02 พ.ย. 2560 32.8650 32.9436 33.2724
03 พ.ย. 2560 32.8514 32.9355 33.2670
06 พ.ย. 2560 32.9299 33.0070 33.3380
07 พ.ย. 2560 32.8825 32.9598 33.2870
08 พ.ย. 2560 32.8952 32.9745 33.3096
09 พ.ย. 2560 32.8596 32.9425 33.2821
10 พ.ย. 2560 32.8458 32.9265 33.2590
13 พ.ย. 2560 32.8420 32.9222 33.2576
14 พ.ย. 2560 32.8256 32.9039 33.2379
15 พ.ย. 2560 32.8065 32.8873 33.2149
16 พ.ย. 2560 32.7546 32.8384 33.1780
17 พ.ย. 2560 32.6329 32.7090 33.0284
20 พ.ย. 2560 32.5514 32.6363 32.9666
21 พ.ย. 2560 32.5831 32.6646 32.9968
22 พ.ย. 2560 32.5132 32.5944 32.9149
23 พ.ย. 2560 32.4720 32.5494 32.8734
24 พ.ย. 2560 32.4345 32.5139 32.8440
27 พ.ย. 2560 32.4376 32.5175 32.8427
28 พ.ย. 2560 32.3777 32.4644 32.8033
29 พ.ย. 2560 32.3387 32.4222 32.7400
30 พ.ย. 2560 32.3622 32.4383 32.7620
01 ธ.ค. 2560 32.4116 32.4944 32.8156
04 ธ.ค. 2560 32.3996 32.4829 32.8159
06 ธ.ค. 2560 32.3701 32.4541 32.7718
07 ธ.ค. 2560 32.3834 32.4673 32.7985
08 ธ.ค. 2560 32.3974 32.4800 32.8051
12 ธ.ค. 2560 32.3309 32.4200 32.7623
13 ธ.ค. 2560 32.3542 32.4371 32.7647
14 ธ.ค. 2560 32.2582 32.3443 32.6820
15 ธ.ค. 2560 32.2766 32.3575 32.6767
18 ธ.ค. 2560 32.3057 32.3950 32.7305
19 ธ.ค. 2560 32.5298 32.6128 32.9404
20 ธ.ค. 2560 32.4977 32.5790 32.8970
21 ธ.ค. 2560 32.4810 32.5616 32.8881
22 ธ.ค. 2560 32.4909 32.5732 32.8927
25 ธ.ค. 2560 32.5043 32.5809 32.8883
26 ธ.ค. 2560 32.5269 32.6028 32.9270
27 ธ.ค. 2560 32.5642 32.6428 32.9754
28 ธ.ค. 2560 32.4638 32.5402 32.8783
29 ธ.ค. 2560 32.4342 32.5146 32.8472
03 ม.ค. 2561 32.1906 32.2778 32.5977
04 ม.ค. 2561 32.0669 32.1514 32.4688
05 ม.ค. 2561 31.9604 32.0473 32.3700
08 ม.ค. 2561 31.9074 31.9849 32.3128
09 ม.ค. 2561 31.9864 32.0722 32.3961
10 ม.ค. 2561 31.9921 32.0712 32.3934
11 ม.ค. 2561 31.8320 31.9148 32.2312
12 ม.ค. 2561 31.6902 31.7743 32.1183
15 ม.ค. 2561 31.6749 31.7584 32.0845
16 ม.ค. 2561 31.7101 31.7888 32.1101
17 ม.ค. 2561 31.6844 31.7626 32.0888
18 ม.ค. 2561 31.7181 31.8012 32.1228
19 ม.ค. 2561 31.6209 31.7003 32.0382
22 ม.ค. 2561 31.6421 31.7230 32.0549
23 ม.ค. 2561 31.5708 31.6545 31.9870
24 ม.ค. 2561 31.4890 31.5738 31.8966
25 ม.ค. 2561 31.1909 31.2713 31.6041
26 ม.ค. 2561 31.1368 31.2206 31.5448
29 ม.ค. 2561 31.0961 31.1797 31.5023
30 ม.ค. 2561 31.2082 31.2929 31.6209
31 ม.ค. 2561 31.1284 31.2130 31.5393
01 ก.พ. 2561 31.0936 31.1806 31.5408
02 ก.พ. 2561 31.0868 31.1666 31.4952
05 ก.พ. 2561 31.2412 31.3219 31.6579
06 ก.พ. 2561 31.3881 31.4733 31.7787
07 ก.พ. 2561 31.2249 31.2997 31.6378
08 ก.พ. 2561 31.4589 31.5369 31.8838
09 ก.พ. 2561 31.5956 31.6667 31.9899
12 ก.พ. 2561 31.3635 31.4528 31.8159
13 ก.พ. 2561 31.3011 31.3905 31.7223
14 ก.พ. 2561 31.1669 31.2461 31.5641
15 ก.พ. 2561 31.0427 31.1257 31.4822
16 ก.พ. 2561 30.9975 31.0778 31.4119
19 ก.พ. 2561 31.0435 31.1212 31.4631
20 ก.พ. 2561 31.1817 31.2645 31.5985
21 ก.พ. 2561 31.2784 31.3528 31.6925
22 ก.พ. 2561 31.3544 31.4296 31.7712
23 ก.พ. 2561 31.2273 31.3119 31.6373
26 ก.พ. 2561 31.1382 31.2181 31.5407
27 ก.พ. 2561 31.0412 31.1202 31.4458
28 ก.พ. 2561 31.1975 31.2869 31.6385
02 มี.ค. 2561 31.2224 31.3036 31.6262
05 มี.ค. 2561 31.1526 31.2446 31.5878
06 มี.ค. 2561 31.1355 31.2184 31.5510
07 มี.ค. 2561 31.1003 31.1850 31.5076
08 มี.ค. 2561 31.0669 31.1460 31.4740
09 มี.ค. 2561 31.1223 31.2049 31.5313
12 มี.ค. 2561 31.0504 31.1404 31.4999
13 มี.ค. 2561 31.0063 31.0976 31.4444
14 มี.ค. 2561 30.9357 31.0149 31.3512
15 มี.ค. 2561 30.8910 30.9777 31.3273
16 มี.ค. 2561 30.9687 31.0549 31.3960
19 มี.ค. 2561 30.9673 31.0567 31.4243
20 มี.ค. 2561 30.9275 31.0099 31.3711
21 มี.ค. 2561 30.9591 31.0330 31.3855
22 มี.ค. 2561 30.9135 30.9950 31.3700
23 มี.ค. 2561 31.0000 31.0882 31.4457
26 มี.ค. 2561 30.9065 30.9911 31.3661
27 มี.ค. 2561 30.8853 30.9637 31.3090
28 มี.ค. 2561 30.9564 31.0423 31.3834
29 มี.ค. 2561 31.0116 31.0955 31.4239
30 มี.ค. 2561 30.9758 31.0573 31.4063
02 เม.ย. 2561 30.9032 30.9839 31.3564
03 เม.ย. 2561 30.9503 31.0254 31.3794
04 เม.ย. 2561 30.9471 31.0245 31.3794
05 เม.ย. 2561 30.9556 31.0434 31.3988
09 เม.ย. 2561 30.9930 31.0785 31.4172
10 เม.ย. 2561 30.9812 31.0702 31.4265
11 เม.ย. 2561 30.9436 31.0268 31.3627
12 เม.ย. 2561 30.8968 30.9791 31.3258
17 เม.ย. 2561 30.9180 31.0090 31.3580
18 เม.ย. 2561 30.9711 31.0587 31.3912
19 เม.ย. 2561 30.9796 31.0612 31.3960
20 เม.ย. 2561 30.9904 31.0794 31.4368
23 เม.ย. 2561 31.1468 31.2272 31.5603
24 เม.ย. 2561 31.2577 31.3468 31.6915
25 เม.ย. 2561 31.2319 31.3172 31.6623
26 เม.ย. 2561 31.3234 31.4048 31.7564
27 เม.ย. 2561 31.3576 31.4482 31.8081
30 เม.ย. 2561 31.2376 31.3166 31.6806
02 พ.ค. 2561 31.4476 31.5277 31.8811
03 พ.ค. 2561 31.4521 31.5419 31.9120
04 พ.ค. 2561 31.3902 31.4696 31.8201
07 พ.ค. 2561 31.5036 31.5875 31.9428
08 พ.ค. 2561 31.6252 31.7106 32.0296
09 พ.ค. 2561 31.8185 31.8977 32.2399
10 พ.ค. 2561 31.8870 31.9660 32.3017
11 พ.ค. 2561 31.6994 31.7841 32.1096
14 พ.ค. 2561 31.5756 31.6637 32.0077
15 พ.ค. 2561 31.6438 31.7240 32.0597
16 พ.ค. 2561 31.8458 31.9213 32.2656
17 พ.ค. 2561 31.7792 31.8585 32.2037
18 พ.ค. 2561 31.8528 31.9380 32.2929
21 พ.ค. 2561 31.9411 32.0289 32.3862
22 พ.ค. 2561 31.8640 31.9557 32.3047
23 พ.ค. 2561 31.8217 31.9061 32.2510
24 พ.ค. 2561 31.8681 31.9512 32.2849
25 พ.ค. 2561 31.7639 31.8457 32.1862
28 พ.ค. 2561 31.6411 31.7282 32.0884
30 พ.ค. 2561 31.8689 31.9497 32.2860
31 พ.ค. 2561 31.7743 31.8587 32.1906
01 มิ.ย. 2561 31.8061 31.8903 32.2310
04 มิ.ย. 2561 31.7622 31.8406 32.1938
05 มิ.ย. 2561 31.7216 31.8117 32.1500
06 มิ.ย. 2561 31.6572 31.7415 32.0837
07 มิ.ย. 2561 31.6551 31.7359 32.0728
08 มิ.ย. 2561 31.7731 31.8535 32.2053
11 มิ.ย. 2561 31.7643 31.8538 32.2215
12 มิ.ย. 2561 31.8107 31.9011 32.2535
13 มิ.ย. 2561 31.8645 31.9507 32.2980
14 มิ.ย. 2561 31.8868 31.9771 32.3316
15 มิ.ย. 2561 32.1293 32.2122 32.5438
18 มิ.ย. 2561 32.4425 32.5224 32.8548
19 มิ.ย. 2561 32.4335 32.5214 32.8681
20 มิ.ย. 2561 32.4714 32.5477 32.8928
21 มิ.ย. 2561 32.6310 32.7108 33.0665
22 มิ.ย. 2561 32.6703 32.7532 33.0830
25 มิ.ย. 2561 32.7007 32.7807 33.1471
26 มิ.ย. 2561 32.6964 32.7784 33.1225
27 มิ.ย. 2561 32.7661 32.8490 33.1782
28 มิ.ย. 2561 32.8014 32.8834 33.2185
29 มิ.ย. 2561 32.9244 33.0065 33.3278
02 ก.ค. 2561 32.8384 32.9208 33.2545
03 ก.ค. 2561 32.9673 33.0530 33.3982
04 ก.ค. 2561 32.8736 32.9511 33.2885
05 ก.ค. 2561 32.9426 33.0268 33.3979
06 ก.ค. 2561 32.9587 33.0421 33.3725
09 ก.ค. 2561 32.8497 32.9401 33.2973
10 ก.ค. 2561 32.8339 32.9189 33.2883
11 ก.ค. 2561 33.0048 33.0856 33.4394
12 ก.ค. 2561 33.0669 33.1490 33.4846
13 ก.ค. 2561 32.9941 33.0707 33.4079
16 ก.ค. 2561 33.0291 33.1208 33.4755
17 ก.ค. 2561 32.9935 33.0782 33.4451
18 ก.ค. 2561 33.0752 33.1508 33.5072
19 ก.ค. 2561 33.1025 33.1851 33.5331
20 ก.ค. 2561 33.2157 33.2966 33.6198
23 ก.ค. 2561 33.0741 33.1595 33.5223
24 ก.ค. 2561 33.1944 33.2874 33.6454
25 ก.ค. 2561 33.1195 33.2072 33.5452
26 ก.ค. 2561 32.9766 33.0608 33.3976
31 ก.ค. 2561 33.0488 33.1333 33.4853
01 ส.ค. 2561 32.9507 33.0289 33.3606
02 ส.ค. 2561 32.9171 32.9972 33.3586
03 ส.ค. 2561 33.0691 33.1573 33.4987
06 ส.ค. 2561 32.9899 33.0787 33.4054
07 ส.ค. 2561 33.0750 33.1655 33.5146
08 ส.ค. 2561 32.9693 33.0552 33.3839
09 ส.ค. 2561 32.9134 32.9991 33.3585
10 ส.ค. 2561 32.9993 33.0824 33.4274
14 ส.ค. 2561 33.0717 33.1576 33.5029
15 ส.ค. 2561 33.0789 33.1687 33.5034
16 ส.ค. 2561 33.0321 33.1156 33.4759
17 ส.ค. 2561 32.9483 33.0307 33.3715
20 ส.ค. 2561 32.9092 32.9971 33.3520
21 ส.ค. 2561 32.5428 32.6288 32.9994
22 ส.ค. 2561 32.4542 32.5306 32.8742
23 ส.ค. 2561 32.5311 32.6210 32.9633
24 ส.ค. 2561 32.5693 32.6545 32.9961
27 ส.ค. 2561 32.3470 32.4356 32.7749
28 ส.ค. 2561 32.3061 32.3885 32.7164
29 ส.ค. 2561 32.4258 32.5065 32.8280
30 ส.ค. 2561 32.4269 32.5094 32.8671
31 ส.ค. 2561 32.5060 32.5848 32.9185
03 ก.ย. 2561 32.4995 32.5860 32.9366
04 ก.ย. 2561 32.4787 32.5602 32.9242
05 ก.ย. 2561 32.5555 32.6327 32.9725
06 ก.ย. 2561 32.5372 32.6173 32.9631
07 ก.ย. 2561 32.5389 32.6230 32.9607
10 ก.ย. 2561 32.5846 32.6699 33.0259
11 ก.ย. 2561 32.5709 32.6533 32.9966
12 ก.ย. 2561 32.5558 32.6412 32.9806
13 ก.ย. 2561 32.3708 32.4569 32.7973
14 ก.ย. 2561 32.3274 32.4166 32.7703
17 ก.ย. 2561 32.4201 32.5114 32.8729
18 ก.ย. 2561 32.3748 32.4605 32.7873
19 ก.ย. 2561 32.3007 32.3851 32.7198
20 ก.ย. 2561 32.1013 32.1847 32.5610
21 ก.ย. 2561 32.1368 32.2238 32.5713
24 ก.ย. 2561 32.2234 32.3050 32.6330
25 ก.ย. 2561 32.1955 32.2765 32.6260
26 ก.ย. 2561 32.1979 32.2836 32.6123
27 ก.ย. 2561 32.1980 32.2839 32.6129
28 ก.ย. 2561 32.1471 32.2364 32.5767
01 ต.ค. 2561 32.0094 32.0979 32.4544
02 ต.ค. 2561 32.0754 32.1529 32.4988
03 ต.ค. 2561 32.1006 32.1839 32.5243
04 ต.ค. 2561 32.3404 32.4220 32.7834
05 ต.ค. 2561 32.5179 32.6008 32.9429
08 ต.ค. 2561 32.6279 32.7111 33.0649
09 ต.ค. 2561 32.6568 32.7413 33.0938
10 ต.ค. 2561 32.6360 32.7230 33.0500
11 ต.ค. 2561 32.6760 32.7545 33.0789
12 ต.ค. 2561 32.4503 32.5344 32.8567
16 ต.ค. 2561 32.3904 32.4717 32.8298
17 ต.ค. 2561 32.2938 32.3789 32.7137
18 ต.ค. 2561 32.3467 32.4256 32.7649
19 ต.ค. 2561 32.3742 32.4572 32.7895
22 ต.ค. 2561 32.3633 32.4508 32.7872
24 ต.ค. 2561 32.5359 32.6175 32.9810
25 ต.ค. 2561 32.6584 32.7492 33.0969
26 ต.ค. 2561 32.7486 32.8345 33.1841
29 ต.ค. 2561 32.8662 32.9466 33.2894
30 ต.ค. 2561 33.0094 33.0952 33.4531
31 ต.ค. 2561 33.0100 33.0986 33.4442
01 พ.ย. 2561 32.7878 32.8640 33.2028
02 พ.ย. 2561 32.6646 32.7522 33.0754
05 พ.ย. 2561 32.6431 32.7235 33.0610
06 พ.ย. 2561 32.7060 32.7946 33.1325
07 พ.ย. 2561 32.6701 32.7552 33.0779
08 พ.ย. 2561 32.5972 32.6810 33.0124
09 พ.ย. 2561 32.7573 32.8445 33.1853
12 พ.ย. 2561 32.8292 32.9181 33.2647
13 พ.ย. 2561 32.7801 32.8685 33.1987
14 พ.ย. 2561 32.6686 32.7547 33.0740
15 พ.ย. 2561 32.6372 32.7255 33.0625
16 พ.ย. 2561 32.7347 32.8142 33.1468
19 พ.ย. 2561 32.6723 32.7538 33.0922
20 พ.ย. 2561 32.6909 32.7805 33.1336
21 พ.ย. 2561 32.7457 32.8298 33.1734
22 พ.ย. 2561 32.6653 32.7542 33.1098
23 พ.ย. 2561 32.7230 32.8074 33.1634
26 พ.ย. 2561 32.7870 32.8773 33.2399
27 พ.ย. 2561 32.7725 32.8597 33.2039
28 พ.ย. 2561 32.7840 32.8670 33.2167
29 พ.ย. 2561 32.6415 32.7284 33.0649
30 พ.ย. 2561 32.6683 32.7537 33.0818
03 ธ.ค. 2561 32.5735 32.6610 32.9986
04 ธ.ค. 2561 32.4816 32.5706 32.9061
06 ธ.ค. 2561 32.5550 32.6400 32.9601
07 ธ.ค. 2561 32.5703 32.6487 32.9754
11 ธ.ค. 2561 32.5683 32.6613 33.0023
12 ธ.ค. 2561 32.5014 32.5865 32.9298
13 ธ.ค. 2561 32.4485 32.5409 32.8907
14 ธ.ค. 2561 32.4984 32.5877 32.9203
17 ธ.ค. 2561 32.5347 32.6254 32.9663
18 ธ.ค. 2561 32.4797 32.5664 32.9044
19 ธ.ค. 2561 32.4467 32.5369 32.8626
20 ธ.ค. 2561 32.4949 32.5871 32.9327
21 ธ.ค. 2561 32.3960 32.4805 32.8047
24 ธ.ค. 2561 32.3676 32.4601 32.8001
25 ธ.ค. 2561 32.3150 32.4056 32.7620
26 ธ.ค. 2561 32.3184 32.4051 32.7462
27 ธ.ค. 2561 32.3173 32.4077 32.7586
28 ธ.ค. 2561 32.1924 32.2848 32.6148
02 ม.ค. 2562 32.1166 32.1983 32.5345
03 ม.ค. 2562 31.9638 32.0442 32.3939
04 ม.ค. 2562 31.8133 31.9008 32.2298
07 ม.ค. 2562 31.6905 31.7792 32.1224
08 ม.ค. 2562 31.7470 31.8330 32.1775
09 ม.ค. 2562 31.7707 31.8606 32.1870
10 ม.ค. 2562 31.6709 31.7627 32.0974
11 ม.ค. 2562 31.6641 31.7522 32.0787
14 ม.ค. 2562 31.6652 31.7513 32.1082
15 ม.ค. 2562 31.6160 31.7045 32.0476
16 ม.ค. 2562 31.5818 31.6668 31.9879
17 ม.ค. 2562 31.3829 31.4648 31.7945
18 ม.ค. 2562 31.4368 31.5165 31.8527
21 ม.ค. 2562 31.4886 31.5791 31.9076
22 ม.ค. 2562 31.5447 31.6345 31.9627
23 ม.ค. 2562 31.4882 31.5760 31.8997
24 ม.ค. 2562 31.4418 31.5323 31.8530
25 ม.ค. 2562 31.4368 31.5261 31.8527
28 ม.ค. 2562 31.2206 31.3155 31.6586
29 ม.ค. 2562 31.2946 31.3881 31.7288
30 ม.ค. 2562 31.2039 31.2991 31.6240
31 ม.ค. 2562 30.9825 31.0788 31.4128
01 ก.พ. 2562 31.0691 31.1578 31.4797
04 ก.พ. 2562 31.0512 31.1444 31.4840
05 ก.พ. 2562 31.0446 31.1388 31.4751
06 ก.พ. 2562 30.9912 31.0824 31.4085
07 ก.พ. 2562 31.0143 31.1008 31.4331
08 ก.พ. 2562 31.0684 31.1637 31.4964
11 ก.พ. 2562 31.1555 31.2494 31.5770
12 ก.พ. 2562 31.1290 31.2205 31.5535
13 ก.พ. 2562 31.0098 31.0997 31.4221
14 ก.พ. 2562 31.1303 31.2183 31.5449
15 ก.พ. 2562 31.0396 31.1310 31.4795
18 ก.พ. 2562 30.9653 31.0547 31.3949
20 ก.พ. 2562 30.8497 30.9392 31.2754
21 ก.พ. 2562 30.8805 30.9701 31.2931
22 ก.พ. 2562 31.0119 31.1003 31.4236
25 ก.พ. 2562 31.0449 31.1339 31.4720
26 ก.พ. 2562 31.0166 31.1097 31.4482
27 ก.พ. 2562 31.1260 31.2176 31.5476
28 ก.พ. 2562 31.2190 31.3117 31.6416
01 มี.ค. 2562 31.3668 31.4562 31.7874
04 มี.ค. 2562 31.5293 31.6228 31.9512
05 มี.ค. 2562 31.6189 31.7112 32.0563
06 มี.ค. 2562 31.5662 31.6534 31.9754
07 มี.ค. 2562 31.6160 31.7037 32.0380
08 มี.ค. 2562 31.5681 31.6586 31.9928
11 มี.ค. 2562 31.4348 31.5271 31.8857
12 มี.ค. 2562 31.4051 31.4970 31.8364
13 มี.ค. 2562 31.3889 31.4765 31.8183
14 มี.ค. 2562 31.3933 31.4869 31.8228
15 มี.ค. 2562 31.4946 31.5814 31.9115
18 มี.ค. 2562 31.4029 31.4913 31.8406
19 มี.ค. 2562 31.3906 31.4829 31.8302
20 มี.ค. 2562 31.4572 31.5462 31.8707
21 มี.ค. 2562 31.3778 31.4707 31.8139
22 มี.ค. 2562 31.4628 31.5478 31.8878
25 มี.ค. 2562 31.3481 31.4401 31.7696
26 มี.ค. 2562 31.3049 31.3980 31.7301
27 มี.ค. 2562 31.4532 31.5426 31.8708
28 มี.ค. 2562 31.6301 31.7190 32.0366
29 มี.ค. 2562 31.5577 31.6449 31.9785
01 เม.ย. 2562 31.4356 31.5291 31.8602
02 เม.ย. 2562 31.4748 31.5683 31.9043
03 เม.ย. 2562 31.4882 31.5811 31.9271
04 เม.ย. 2562 31.4996 31.5877 31.9137
05 เม.ย. 2562 31.5941 31.6837 32.0059
09 เม.ย. 2562 31.5971 31.6851 32.0268
10 เม.ย. 2562 31.5530 31.6459 31.9872
11 เม.ย. 2562 31.4989 31.5898 31.9483
12 เม.ย. 2562 31.5631 31.6557 32.0061
17 เม.ย. 2562 31.5507 31.6385 31.9674
18 เม.ย. 2562 31.5379 31.6269 31.9642
19 เม.ย. 2562 31.5504 31.6361 31.9834
22 เม.ย. 2562 31.5992 31.6929 32.0296
23 เม.ย. 2562 31.6385 31.7289 32.0666
24 เม.ย. 2562 31.7479 31.8368 32.1634
25 เม.ย. 2562 31.7897 31.8827 32.2320
26 เม.ย. 2562 31.7558 31.8463 32.1784
29 เม.ย. 2562 31.6490 31.7350 32.0732
30 เม.ย. 2562 31.6809 31.7688 32.0988
02 พ.ค. 2562 31.7018 31.7914 32.1310
03 พ.ค. 2562 31.7631 31.8557 32.2042
07 พ.ค. 2562 31.6392 31.7311 32.0830
08 พ.ค. 2562 31.5842 31.6746 32.0035
09 พ.ค. 2562 31.5498 31.6372 31.9696
10 พ.ค. 2562 31.4084 31.4978 31.8296
13 พ.ค. 2562 31.3859 31.4744 31.7948
14 พ.ค. 2562 31.3043 31.3967 31.7320
15 พ.ค. 2562 31.2903 31.3810 31.7030
16 พ.ค. 2562 31.2875 31.3820 31.7165
17 พ.ค. 2562 31.4427 31.5370 31.8682
21 พ.ค. 2562 31.5924 31.6870 32.0203
22 พ.ค. 2562 31.7255 31.8132 32.1466
23 พ.ค. 2562 31.6963 31.7892 32.1377
24 พ.ค. 2562 31.6408 31.7280 32.0488
27 พ.ค. 2562 31.5111 31.6057 31.9530
28 พ.ค. 2562 31.5519 31.6425 31.9833
29 พ.ค. 2562 31.5806 31.6717 32.0117
30 พ.ค. 2562 31.5412 31.6280 31.9715
31 พ.ค. 2562 31.4957 31.5882 31.9223
04 มิ.ย. 2562 31.0887 31.1820 31.5179
05 มิ.ย. 2562 31.1426 31.2321 31.5564
06 มิ.ย. 2562 31.1299 31.2228 31.5710
07 มิ.ย. 2562 31.0748 31.1645 31.5059
10 มิ.ย. 2562 31.0793 31.1688 31.5046
11 มิ.ย. 2562 31.0662 31.1560 31.5010
12 มิ.ย. 2562 30.9947 31.0830 31.4230
13 มิ.ย. 2562 30.9742 31.0684 31.4117
14 มิ.ย. 2562 30.9445 31.0375 31.3752
17 มิ.ย. 2562 30.9789 31.0707 31.4222
18 มิ.ย. 2562 31.0946 31.1846 31.5163
19 มิ.ย. 2562 30.9816 31.0705 31.4236
20 มิ.ย. 2562 30.7937 30.8853 31.2216
21 มิ.ย. 2562 30.5815 30.6728 31.0064
24 มิ.ย. 2562 30.5356 30.6204 30.9604
25 มิ.ย. 2562 30.4224 30.5150 30.8482
26 มิ.ย. 2562 30.5567 30.6478 30.9881
27 มิ.ย. 2562 30.4933 30.5832 30.9196
28 มิ.ย. 2562 30.4848 30.5733 30.9152
01 ก.ค. 2562 30.3516 30.4442 30.7795
02 ก.ค. 2562 30.4501 30.5443 30.8897
03 ก.ค. 2562 30.3150 30.4031 30.7503
04 ก.ค. 2562 30.3478 30.4397 30.7783
05 ก.ค. 2562 30.4265 30.5157 30.8569
08 ก.ค. 2562 30.5156 30.6088 30.9530
09 ก.ค. 2562 30.5517 30.6447 30.9932
10 ก.ค. 2562 30.5824 30.6748 31.0133
11 ก.ค. 2562 30.3619 30.4540 30.7843
12 ก.ค. 2562 30.5323 30.6237 30.9452
15 ก.ค. 2562 30.6433 30.7373 31.0756
17 ก.ค. 2562 30.6380 30.7276 31.0744
18 ก.ค. 2562 30.5963 30.6882 31.0470
19 ก.ค. 2562 30.5109 30.5984 30.9496
22 ก.ค. 2562 30.5770 30.6693 31.0233
23 ก.ค. 2562 30.6279 30.7170 31.0520
24 ก.ค. 2562 30.6551 30.7480 31.0904
25 ก.ค. 2562 30.6463 30.7347 31.0830
26 ก.ค. 2562 30.7162 30.8042 31.1462
30 ก.ค. 2562 30.5788 30.6676 31.0081
31 ก.ค. 2562 30.5389 30.6251 30.9679
01 ส.ค. 2562 30.5931 30.6834 31.0379
02 ส.ค. 2562 30.6158 30.7045 31.0380
05 ส.ค. 2562 30.5618 30.6561 30.9991
06 ส.ค. 2562 30.5282 30.6218 30.9772
07 ส.ค. 2562 30.5280 30.6111 30.9301
08 ส.ค. 2562 30.5042 30.5988 30.9432
09 ส.ค. 2562 30.4731 30.5569 30.8932
13 ส.ค. 2562 30.5304 30.6230 30.9701
14 ส.ค. 2562 30.5543 30.6412 30.9847
15 ส.ค. 2562 30.5831 30.6757 31.0225
16 ส.ค. 2562 30.6201 30.7145 31.0479
19 ส.ค. 2562 30.5921 30.6839 31.0435
20 ส.ค. 2562 30.5569 30.6481 31.0098
21 ส.ค. 2562 30.5372 30.6229 30.9598
22 ส.ค. 2562 30.5188 30.6107 30.9619
23 ส.ค. 2562 30.5212 30.6109 30.9462
26 ส.ค. 2562 30.3709 30.4647 30.8111
27 ส.ค. 2562 30.3238 30.4127 30.7557
28 ส.ค. 2562 30.3953 30.4813 30.8113
29 ส.ค. 2562 30.3678 30.4583 30.8065
30 ส.ค. 2562 30.3845 30.4726 30.8159
02 ก.ย. 2562 30.3648 30.4536 30.8004
03 ก.ย. 2562 30.3986 30.4835 30.8245
04 ก.ย. 2562 30.3416 30.4290 30.7750
05 ก.ย. 2562 30.3074 30.3943 30.7298
06 ก.ย. 2562 30.3967 30.4836 30.8289
09 ก.ย. 2562 30.3986 30.4839 30.8268
10 ก.ย. 2562 30.3933 30.4792 30.8251
11 ก.ย. 2562 30.3626 30.4482 30.7945
12 ก.ย. 2562 30.2633 30.3478 30.6715
13 ก.ย. 2562 30.1765 30.2690 30.6048
16 ก.ย. 2562 30.2431 30.3365 30.6823
17 ก.ย. 2562 30.2918 30.3837 30.7396
18 ก.ย. 2562 30.2786 30.3658 30.7007
19 ก.ย. 2562 30.3017 30.3929 30.7487
20 ก.ย. 2562 30.2509 30.3351 30.6673
23 ก.ย. 2562 30.2226 30.3083 30.6500
24 ก.ย. 2562 30.2462 30.3397 30.6762
25 ก.ย. 2562 30.3172 30.4067 30.7360
26 ก.ย. 2562 30.3396 30.4294 30.7812
27 ก.ย. 2562 30.3678 30.4598 30.8156
30 ก.ย. 2562 30.3227 30.4176 30.7661
01 ต.ค. 2562 30.3405 30.4336 30.7753
02 ต.ค. 2562 30.3748 30.4641 30.8067
03 ต.ค. 2562 30.3428 30.4333 30.7872
04 ต.ค. 2562 30.2332 30.3228 30.6654
07 ต.ค. 2562 30.1795 30.2701 30.6170
08 ต.ค. 2562 30.2012 30.2926 30.6505
09 ต.ค. 2562 30.0948 30.1849 30.5218
10 ต.ค. 2562 30.0465 30.1362 30.4766
11 ต.ค. 2562 30.1626 30.2565 30.5916
15 ต.ค. 2562 30.1332 30.2250 30.5619
16 ต.ค. 2562 30.1468 30.2358 30.5787
17 ต.ค. 2562 30.1003 30.1923 30.5344
18 ต.ค. 2562 30.0234 30.1152 30.4731
21 ต.ค. 2562 30.0114 30.1000 30.4525
22 ต.ค. 2562 30.0114 30.1026 30.4545
24 ต.ค. 2562 30.0102 30.1020 30.4593
25 ต.ค. 2562 29.9725 30.0635 30.4052
28 ต.ค. 2562 29.9398 30.0298 30.3932
29 ต.ค. 2562 29.9604 30.0520 30.4040
30 ต.ค. 2562 29.9522 30.0428 30.4031
31 ต.ค. 2562 29.9209 30.0093 30.3564
01 พ.ย. 2562 29.9031 29.9899 30.3406
04 พ.ย. 2562 29.9000 29.9904 30.3437
05 พ.ย. 2562 29.9344 30.0262 30.3850
06 พ.ย. 2562 29.9847 30.0759 30.4303
07 พ.ย. 2562 30.0467 30.1407 30.4837
08 พ.ย. 2562 30.1406 30.2335 30.5817
11 พ.ย. 2562 30.0859 30.1777 30.5291
12 พ.ย. 2562 30.0701 30.1618 30.5161
13 พ.ย. 2562 30.0529 30.1452 30.4836
14 พ.ย. 2562 29.9589 30.0501 30.4018
15 พ.ย. 2562 29.9378 30.0260 30.3702
18 พ.ย. 2562 29.9843 30.0741 30.4236
19 พ.ย. 2562 29.9289 30.0200 30.3719
20 พ.ย. 2562 29.9175 30.0080 30.3599
21 พ.ย. 2562 29.9187 30.0101 30.3726
22 พ.ย. 2562 29.9441 30.0347 30.3859
25 พ.ย. 2562 29.9397 30.0307 30.3829
26 พ.ย. 2562 29.9597 30.0518 30.4142
27 พ.ย. 2562 29.9566 30.0474 30.4054
28 พ.ย. 2562 29.9730 30.0614 30.4193
29 พ.ย. 2562 29.9550 30.0456 30.4071